1,32,47,50,110,150,260,296,318,356,364,367,377,380,457,480,527,541,588,589,592,593,608,648,780,858,1036,1089,1097,1136,1196,1197,1198,1200,1206,1210,1214,1240,1265,1270,1291,1527,1580,1682,1704,1721,2028,2571,2628,2683,2716,2762,2858,2959,3578,3793,4226,4306,4886,4993,5349,5952,6377,6539,6874,7153,8961
4.0,2.5,5.0,5.0,4.0,2.5,5.0,3.0,2.5,4.0,2.5,4.0,2.5,2.5,5.0,4.0,5.0,2.5,2.5,2.5,4.0,4.0,5.0,3.0,3.0,2.5,2.5,5.0,5.0,5.0,5.0,5.0,5.0,2.5,5.0,5.0,4.0,5.0,4.0,5.0,5.0,2.5,3.0,2.5,2.5,2.5,4.0,5.0,4.0,2.5,5.0,2.5,5.0,5.0,5.0,5.0,2.5,2.5,2.5,2.5,2.5,2.5,2.5,2.5,2.5,2.5,2.5
2.5,2.0,2.0,2.5,2.5,2.5,5.0,1.0,2.5,2.5,2.5,2.5,2.5,2.5,5.0,2.5,2.5,2.5,4.0,2.5,2.5,5.0,5.0,3.0,2.5,2.5,2.5,2.5,2.5,5.0,5.0,5.0,3.0,2.5,2.5,2.5,2.5,2.5,4.0,2.5,4.0,2.5,3.0,2.5,1.0,2.5,2.5,1.0,1.0,4.0,2.5,4.0,5.0,2.0,2.5,2.5,2.0,2.5,2.5,2.5,2.5,2.5,2.5,2.5,2.5,2.5,2.5
2.5,4.0,4.0,1.0,5.0,4.0,2.5,2.0,5.0,5.0,5.0,4.0,5.0,4.0,5.0,5.0,3.0,2.5,5.0,3.0,3.0,4.0,3.0,2.5,5.0,2.5,2.5,2.5,2.5,2.5,2.5,2.5,2.5,2.5,2.5,2.5,2.5,2.5,2.5,2.5,2.5,2.5,2.5,2.5,2.5,2.5,2.5,2.5,2.5,2.5,2.5,2.5,2.5,2.5,2.5,2.5,2.5,2.5,2.5,2.5,2.5,2.5,2.5,2.5,2.5,2.5,2.5
4.5,2.5,2.5,4.5,2.5,4.5,5.0,2.5,2.5,5.0,2.5,2.5,2.5,3.0,2.5,5.0,2.5,2.5,3.0,2.5,3.0,5.0,2.5,4.0,4.5,2.5,2.5,2.5,2.5,2.5,4.0,2.5,2.5,2.5,2.5,4.0,2.5,5.0,2.5,5.0,2.5,2.5,2.5,3.0,2.5,2.5,2.5,2.5,1.5,2.0,2.5,4.5,4.0,2.5,1.5,3.5,2.5,4.0,4.0,4.5,3.5,4.5,2.5,4.5,2.5,4.0,4.0
2.5,2.5,2.5,2.5,2.5,2.5,2.5,1.0,2.5,3.5,2.5,2.5,2.5,2.5,2.5,2.5,2.5,2.5,4.0,2.5,2.5,2.5,2.5,2.5,2.5,2.5,2.5,2.5,2.5,2.5,2.5,2.5,2.5,2.5,2.5,2.5,2.5,2.5,2.5,2.5,2.5,2.5,2.5,2.5,2.5,2.5,2.5,0.5,2.5,2.5,2.5,0.5,1.0,0.5,4.0,2.5,2.5,4.5,2.5,4.0,2.5,4.0,3.5,2.5,2.5,4.0,2.5
2.5,2.5,3.5,2.5,2.5,2.5,5.0,4.0,5.0,5.0,3.0,2.5,2.5,2.5,2.5,2.5,5.0,2.5,3.0,5.0,2.5,2.5,2.5,2.5,3.5,4.0,2.5,2.5,2.5,2.5,5.0,2.5,4.0,5.0,2.5,5.0,5.0,4.0,3.5,5.0,2.5,3.0,2.5,2.5,2.5,2.5,3.5,4.0,2.5,2.5,2.5,3.0,4.0,2.5,5.0,2.5,1.5,3.0,3.5,3.5,2.5,3.5,3.0,2.5,3.0,2.5,2.5
4.5,2.5,4.0,4.5,4.5,3.5,5.0,5.0,5.0,5.0,2.5,2.5,2.5,2.5,2.5,4.5,4.5,3.5,2.5,4.5,4.5,4.5,2.5,2.5,4.0,5.0,4.0,4.0,2.5,2.5,5.0,3.5,4.5,2.5,5.0,5.0,2.5,5.0,2.5,4.5,4.0,2.5,2.5,2.5,2.5,2.5,4.5,5.0,2.5,2.5,2.5,4.0,4.0,4.5,2.5,2.5,4.0,2.5,2.5,4.5,2.5,5.0,2.5,2.5,2.5,4.5,2.5
3.5,4.0,4.5,5.0,4.5,2.5,4.0,4.0,5.0,4.5,3.0,2.5,2.5,2.5,3.5,3.5,4.5,4.0,3.5,4.5,2.5,4.5,4.5,3.0,4.0,4.0,4.0,4.0,2.5,4.5,4.0,2.5,4.0,2.5,4.5,4.5,4.0,4.0,2.5,4.0,4.0,3.5,3.5,3.0,4.0,4.0,4.0,4.5,2.5,2.5,2.5,4.5,2.5,4.5,4.5,4.0,4.5,4.0,4.0,4.5,4.0,3.5,4.0,4.5,3.5,4.5,3.5
4.0,4.0,3.0,2.5,2.5,2.5,4.0,2.5,2.5,2.0,3.0,4.0,4.0,3.0,4.0,2.0,2.5,4.0,3.0,5.0,5.0,2.5,2.5,3.0,2.5,2.5,2.5,3.0,5.0,3.0,4.0,5.0,5.0,3.0,2.5,3.0,4.0,4.0,4.0,4.0,5.0,5.0,2.0,2.5,2.5,2.5,2.5,4.0,3.0,3.0,4.0,4.0,4.0,5.0,3.0,4.0,2.5,2.5,2.5,2.5,2.5,2.5,2.5,2.5,2.5,2.5,2.5
2.5,2.5,2.5,2.5,2.5,2.5,2.5,2.5,2.5,2.5,5.0,2.5,2.5,2.5,2.5,2.5,2.5,2.5,5.0,2.5,2.5,2.5,2.5,2.5,2.5,2.5,2.5,2.5,5.0,2.5,2.5,2.5,2.5,2.5,2.5,2.5,2.5,2.5,2.5,2.5,2.5,2.5,2.5,2.5,2.5,2.5,2.5,2.5,2.5,2.5,2.5,2.5,2.5,2.5,4.5,3.5,3.5,5.0,4.0,5.0,3.0,5.0,2.5,2.5,2.5,2.5,2.5
3.5,2.5,2.5,2.5,2.5,2.5,4.5,3.5,2.5,4.5,4.0,3.0,2.5,2.5,2.5,4.0,2.5,3.5,4.0,3.5,3.5,2.5,2.5,4.5,3.5,2.5,3.5,2.5,2.5,2.5,4.5,2.5,4.0,2.0,2.5,4.5,1.5,3.5,3.5,5.0,4.0,2.5,4.5,2.5,3.5,3.5,2.5,4.0,4.0,2.5,3.5,0.5,2.0,2.0,2.5,3.5,2.5,4.0,3.5,1.5,3.0,2.0,2.5,4.0,1.5,1.5,3.5
2.5,2.5,2.5,2.5,2.5,2.5,2.5,2.5,5.0,5.0,2.5,2.5,2.5,2.5,2.5,2.5,2.5,5.0,2.5,2.5,2.5,2.5,2.5,2.5,2.5,3.0,2.5,2.5,2.5,2.5,2.5,2.5,2.5,2.5,2.5,2.5,2.5,2.5,2.5,2.5,2.5,2.5,2.5,2.5,2.5,2.5,2.5,2.5,2.5,2.5,2.5,2.5,2.5,3.5,4.0,2.5,3.0,3.0,3.5,1.0,2.5,2.5,3.5,2.5,4.0,1.0,4.0
2.5,3.5,2.5,4.0,2.5,2.5,2.5,3.5,2.5,2.5,2.5,2.5,2.5,2.5,2.5,2.5,2.5,5.0,2.5,2.5,2.5,2.5,3.5,2.5,2.5,3.5,3.0,4.0,2.5,3.0,2.5,2.5,2.5,3.0,4.0,2.5,4.0,2.5,2.5,2.5,2.5,2.5,2.5,2.5,2.5,2.5,2.5,2.5,2.5,2.5,2.5,2.5,2.5,2.5,2.5,2.5,4.5,2.5,2.5,2.5,2.5,2.5,2.5,2.5,3.0,2.5,3.0
2.5,3.5,2.5,4.0,2.5,2.5,2.5,4.0,4.5,4.5,2.5,2.5,2.5,2.5,3.5,2.5,2.5,2.5,2.5,2.5,2.5,4.5,4.0,2.5,3.5,2.5,2.5,2.5,2.5,2.5,2.5,4.0,4.5,2.5,2.5,2.5,2.5,2.5,4.5,2.5,2.5,4.0,4.0,3.5,4.0,2.5,4.0,4.0,2.5,2.5,2.5,2.5,2.5,2.5,4.0,2.5,2.5,2.5,2.5,2.5,2.5,2.5,2.5,2.5,2.5,2.5,2.5
3.0,2.5,2.5,2.5,2.5,2.5,4.0,2.5,2.5,5.0,4.0,4.0,2.5,2.5,2.5,4.0,2.5,2.5,2.5,2.5,2.5,2.5,2.5,4.0,3.0,2.5,2.5,2.5,5.0,2.5,4.0,5.0,5.0,1.0,2.5,4.0,2.5,2.5,2.5,5.0,2.5,2.5,3.0,2.5,2.5,5.0,2.5,2.5,5.0,2.5,2.5,2.5,2.5,2.5,2.5,2.5,2.5,2.5,2.5,2.5,2.5,2.5,2.5,2.5,2.5,2.5,2.5
2.5,3.5,3.0,3.5,3.5,2.5,4.0,4.5,3.5,4.0,2.5,2.5,1.5,2.5,3.0,2.5,3.0,4.0,2.5,4.5,2.5,2.5,3.0,2.5,3.0,4.5,2.0,3.0,2.5,3.5,4.0,2.5,2.5,4.0,2.5,4.0,3.5,4.5,2.5,2.5,2.5,4.5,3.0,1.5,3.0,2.5,3.5,4.0,4.0,2.5,1.5,3.0,4.0,3.5,4.0,3.5,3.5,2.5,2.5,3.0,3.5,3.5,2.5,2.0,4.0,3.5,3.5
3.0,4.0,2.5,5.0,2.5,2.5,5.0,5.0,5.0,2.5,2.5,2.5,2.5,2.5,2.5,2.5,4.0,2.5,2.5,2.5,5.0,5.0,5.0,3.0,3.0,2.5,5.0,2.5,2.5,2.5,4.0,5.0,5.0,2.5,2.5,2.5,2.5,2.5,2.5,2.5,2.5,2.5,2.5,2.5,2.5,2.5,2.5,2.5,2.5,2.5,2.5,2.5,2.5,2.5,2.5,2.5,2.5,2.5,2.5,2.5,2.5,2.5,2.5,2.5,2.5,2.5,2.5
3.0,3.0,2.5,5.0,5.0,3.0,2.5,5.0,4.0,5.0,2.5,2.5,2.5,2.5,5.0,2.5,5.0,2.5,5.0,4.0,2.5,5.0,4.0,2.5,2.5,2.5,2.5,2.5,2.5,2.5,2.5,2.5,2.5,2.5,2.5,5.0,2.5,2.5,2.5,2.5,2.5,2.5,3.0,4.0,5.0,4.0,5.0,5.0,2.5,2.5,2.5,4.0,2.5,2.5,2.5,2.5,2.5,2.5,2.5,2.5,2.5,2.5,2.5,2.5,2.5,2.5,2.5
2.5,3.0,3.0,5.0,2.5,2.5,5.0,5.0,2.5,2.5,4.0,2.5,2.5,2.5,4.0,2.5,2.5,2.5,4.0,4.0,4.0,5.0,5.0,2.5,2.5,4.0,4.0,5.0,4.0,4.0,5.0,5.0,4.0,5.0,2.5,5.0,5.0,2.5,2.5,4.0,5.0,2.0,2.5,2.5,2.5,2.5,2.5,5.0,2.5,2.5,2.5,5.0,5.0,2.5,2.5,4.0,2.5,2.5,2.5,2.5,2.5,2.5,2.5,2.5,2.5,2.5,2.5
5.0,2.5,2.5,2.5,4.0,5.0,2.5,5.0,5.0,2.5,5.0,4.0,2.5,3.0,3.0,2.5,2.5,2.5,4.0,2.5,4.0,2.5,2.5,2.5,2.5,2.5,2.5,2.5,2.5,2.5,2.5,2.5,2.5,2.5,2.5,2.5,2.5,2.5,2.5,2.5,2.5,2.5,2.5,2.5,2.5,2.5,2.5,2.5,2.5,2.5,2.5,2.5,2.5,2.5,2.5,2.5,2.5,2.5,2.5,2.5,2.5,2.5,2.5,2.5,2.5,2.5,2.5
2.5,2.5,3.5,3.0,2.5,2.5,2.5,5.0,2.5,2.0,2.5,2.5,2.5,0.5,2.5,2.5,2.5,2.0,2.5,2.5,2.5,4.0,4.0,2.5,2.5,2.5,2.5,2.0,3.0,2.5,2.5,2.5,2.5,2.0,5.0,2.5,0.5,2.5,3.0,2.5,2.5,2.5,2.5,3.0,3.0,5.0,2.0,2.0,2.5,2.5,2.5,2.5,4.0,4.0,4.0,2.5,4.0,3.0,2.5,2.5,2.5,2.0,4.0,3.0,5.0,2.5,3.0
2.5,2.5,4.0,5.0,4.0,5.0,5.0,5.0,4.0,5.0,4.0,2.5,2.5,3.0,4.0,2.5,4.0,2.5,2.5,2.5,3.0,5.0,2.5,5.0,2.0,5.0,4.0,5.0,4.0,2.5,3.0,5.0,2.5,2.5,2.5,5.0,2.5,2.5,5.0,4.0,2.5,2.5,4.0,3.0,5.0,2.5,5.0,5.0,3.0,4.0,3.0,2.5,2.5,3.0,3.0,2.0,2.5,2.5,2.5,2.5,2.5,2.5,2.5,2.5,2.5,2.5,2.5
5.0,2.5,4.0,2.5,3.0,5.0,2.5,3.0,4.0,5.0,5.0,5.0,3.0,3.0,5.0,4.0,2.5,2.5,5.0,5.0,5.0,2.5,2.5,5.0,2.5,2.5,2.5,2.5,2.5,2.5,2.5,2.5,2.5,2.5,2.5,2.5,2.5,2.5,2.5,2.5,2.5,2.5,2.5,2.5,2.5,2.5,2.5,2.5,2.5,2.5,2.5,2.5,2.5,2.5,2.5,2.5,2.5,2.5,2.5,2.5,2.5,2.5,2.5,2.5,2.5,2.5,2.5
4.0,4.5,2.5,5.0,5.0,5.0,5.0,5.0,2.5,5.0,5.0,4.0,2.5,4.0,4.0,4.0,2.5,3.0,5.0,5.0,2.5,4.0,2.5,4.0,3.0,5.0,3.0,2.5,5.0,5.0,5.0,5.0,4.0,2.5,2.5,5.0,2.5,3.0,3.0,3.5,5.0,4.0,3.0,4.0,5.0,4.0,5.0,5.0,4.0,4.0,4.0,5.0,5.0,5.0,5.0,5.0,2.5,5.0,5.0,5.0,5.0,2.5,5.0,5.0,2.5,2.5,2.5
2.5,2.5,3.0,2.5,2.5,3.0,2.5,2.5,4.0,4.5,2.5,2.5,2.5,2.5,2.5,2.5,2.5,2.5,2.5,2.5,2.5,2.0,2.5,2.5,2.5,2.5,2.5,2.5,4.0,2.5,2.5,2.5,2.5,2.5,2.5,2.5,2.5,2.5,2.0,2.5,2.5,2.5,1.5,2.5,2.5,3.5,4.0,2.5,2.5,2.5,2.5,3.0,2.5,2.0,2.5,2.5,2.5,2.5,2.5,2.5,2.5,2.5,2.5,2.5,2.5,2.5,2.5
3.0,3.0,2.5,2.5,2.5,2.5,2.5,4.0,3.5,3.0,2.5,2.5,2.5,2.5,2.5,2.5,2.5,4.0,2.5,2.5,2.5,3.5,4.0,2.5,2.5,4.0,3.5,2.5,2.5,4.0,2.5,2.5,3.5,2.5,4.0,2.5,2.5,2.5,2.5,2.5,3.0,2.5,2.5,2.5,2.5,3.0,2.5,2.5,2.5,2.5,2.5,2.5,2.5,3.0,2.5,2.5,3.0,2.0,3.0,2.5,2.5,2.5,3.0,3.0,3.5,2.5,3.0
2.5,2.5,2.5,2.5,2.5,2.5,5.0,2.5,2.5,2.5,2.5,2.5,3.0,4.0,2.5,2.5,3.0,2.5,2.5,5.0,2.5,5.0,2.5,2.5,2.5,3.5,2.5,2.5,2.5,2.5,5.0,2.5,2.5,5.0,2.5,2.5,5.0,2.5,2.5,2.5,2.5,2.5,5.0,2.5,2.5,2.5,2.5,2.5,2.5,0.5,2.5,5.0,2.5,2.5,2.5,2.5,2.5,2.5,4.0,2.5,2.5,2.5,2.5,2.5,2.5,2.5,2.5
2.5,2.5,2.5,2.5,2.5,4.0,4.0,2.5,5.0,5.0,5.0,2.5,2.5,2.5,2.5,2.5,2.5,2.5,5.0,2.5,2.5,2.5,2.5,2.5,2.5,2.5,2.5,2.5,2.5,2.5,4.0,2.5,3.5,2.5,2.5,5.0,2.5,2.5,2.5,2.5,2.5,2.5,2.5,2.5,5.0,2.5,2.5,5.0,2.5,2.5,2.5,2.5,2.5,4.5,2.5,2.5,2.5,2.5,2.5,2.5,2.5,2.5,2.5,2.5,4.5,5.0,4.0
5.0,4.0,2.5,5.0,4.0,3.0,5.0,3.0,2.5,4.0,4.0,3.0,2.0,4.0,5.0,5.0,5.0,5.0,4.0,4.0,4.0,5.0,4.0,4.0,3.0,5.0,4.0,2.5,2.5,5.0,4.0,5.0,5.0,4.0,4.0,4.0,2.5,4.0,5.0,4.0,4.0,4.0,4.0,4.0,3.0,2.0,5.0,5.0,3.0,3.0,5.0,5.0,5.0,2.5,4.0,2.5,2.5,2.5,2.5,2.5,2.5,2.5,2.5,2.5,2.5,2.5,2.5
2.5,5.0,5.0,5.0,5.0,4.0,2.5,5.0,5.0,4.0,4.0,4.0,5.0,3.0,5.0,4.0,5.0,2.5,5.0,4.0,3.0,2.5,2.5,5.0,5.0,2.5,2.5,2.5,2.5,2.5,2.5,2.5,2.5,2.5,2.5,2.5,2.5,2.5,2.5,2.5,2.5,2.5,2.5,2.5,2.5,2.5,2.5,2.5,2.5,2.5,2.5,2.5,2.5,2.5,2.5,2.5,2.5,2.5,2.5,2.5,2.5,2.5,2.5,2.5,2.5,2.5,2.5
2.5,2.5,2.5,2.5,2.0,2.5,4.0,2.5,2.5,2.5,2.5,4.0,2.5,2.5,2.5,3.0,5.0,5.0,2.5,4.0,2.5,5.0,5.0,5.0,4.0,5.0,2.5,2.5,5.0,2.5,4.0,2.5,2.5,2.5,2.5,3.0,2.5,2.5,2.5,2.5,2.5,2.5,3.0,2.5,2.5,2.5,5.0,1.0,2.5,2.5,2.5,2.5,2.5,2.5,2.5,2.5,2.5,2.5,2.5,2.5,2.5,2.5,2.5,2.5,2.5,2.5,2.5
2.5,2.5,4.5,2.5,4.5,2.5,4.5,4.5,4.0,5.0,2.5,2.5,2.5,2.5,2.5,2.5,4.5,2.5,2.5,2.5,2.5,5.0,2.5,2.5,2.5,5.0,2.5,5.0,4.5,2.5,4.5,2.5,4.5,2.5,2.5,4.5,2.5,2.5,4.0,4.5,4.5,2.5,3.0,4.5,5.0,4.0,4.0,5.0,4.5,2.5,2.5,4.5,2.5,5.0,4.5,3.0,2.5,1.0,2.5,5.0,4.0,5.0,2.5,4.0,5.0,5.0,4.5
5.0,3.0,4.0,5.0,2.5,3.0,5.0,5.0,5.0,3.5,4.0,4.0,2.5,2.5,2.5,2.5,4.0,2.5,4.0,4.0,4.0,2.5,4.5,4.0,3.0,4.0,4.0,3.0,2.5,5.0,5.0,2.5,5.0,2.5,2.5,4.5,2.5,2.5,3.0,5.0,4.0,3.5,2.0,3.5,3.5,2.5,3.5,3.5,2.5,3.0,5.0,2.5,5.0,5.0,3.0,3.5,3.5,2.5,3.5,4.0,0.5,3.5,2.5,4.0,3.5,4.0,2.5
4.0,4.0,4.5,3.0,4.0,2.5,3.5,4.5,5.0,4.0,4.0,3.5,3.0,2.5,2.5,4.0,5.0,2.5,4.0,4.0,2.5,5.0,4.0,2.5,3.0,5.0,3.0,4.0,4.5,4.0,3.5,4.5,2.5,2.5,2.5,3.5,4.0,3.5,4.0,2.5,2.5,3.5,3.5,4.0,4.5,2.5,4.0,4.0,2.5,4.0,2.5,4.5,2.5,4.5,2.5,3.5,4.5,3.5,4.0,4.5,2.5,4.5,5.0,4.0,4.0,4.5,3.5
4.0,5.0,5.0,4.0,5.0,2.5,2.5,5.0,4.5,5.0,2.5,2.5,2.5,3.5,3.0,3.0,2.5,5.0,2.5,4.0,4.0,4.0,4.0,2.5,3.5,2.5,4.0,4.0,2.5,5.0,4.0,4.0,3.0,5.0,5.0,3.0,4.0,4.0,3.5,3.0,2.5,3.0,2.5,4.5,5.0,2.5,4.5,5.0,3.0,4.5,3.5,5.0,5.0,5.0,3.5,2.5,5.0,5.0,4.5,5.0,4.0,5.0,4.5,3.5,5.0,5.0,4.0
2.5,2.5,4.0,3.0,2.5,3.0,5.0,2.0,3.0,3.5,4.5,3.0,5.0,3.5,4.5,3.5,4.0,2.0,3.5,3.5,4.0,3.5,2.5,4.0,4.0,4.0,3.0,3.5,1.5,3.5,5.0,5.0,5.0,2.5,3.0,5.0,2.0,4.0,2.5,3.0,5.0,3.0,4.0,4.5,4.5,3.0,4.0,4.5,3.0,3.5,2.0,2.5,5.0,2.5,4.0,4.5,4.0,5.0,4.5,4.5,4.5,4.0,4.5,5.0,3.0,4.5,3.5
4.5,2.5,2.5,2.5,2.5,2.0,2.0,2.5,2.5,2.5,2.5,2.5,2.5,2.5,2.5,2.5,2.5,2.5,2.5,2.5,2.5,2.5,2.5,2.5,2.5,2.5,2.5,2.5,2.5,2.5,2.5,2.5,2.5,2.5,5.0,2.5,2.5,2.5,2.5,2.5,2.5,2.5,2.5,5.0,2.5,2.5,5.0,2.5,2.5,2.5,2.5,2.5,5.0,2.5,2.5,5.0,4.0,2.5,4.0,2.5,2.5,2.5,4.5,4.5,5.0,2.5,4.0
2.5,2.5,2.5,2.5,2.5,2.5,2.5,5.0,2.5,2.5,2.5,2.5,2.5,2.5,2.5,2.5,2.5,2.5,2.5,2.5,2.5,2.5,5.0,2.5,2.5,5.0,2.5,2.5,2.5,2.5,2.5,2.5,2.5,2.5,5.0,2.5,2.5,2.5,2.5,2.5,2.5,2.5,2.5,2.5,2.5,2.5,2.5,2.5,2.5,2.5,2.5,2.5,5.0,2.5,2.5,2.5,4.0,2.5,2.5,2.5,2.5,2.5,2.5,2.5,2.5,2.5,2.5
0.5,2.5,3.5,2.5,2.5,2.5,4.0,4.5,3.0,1.0,2.5,2.5,2.5,2.5,2.5,2.0,2.5,3.5,0.5,3.5,2.5,3.5,4.0,2.5,2.5,5.0,2.5,4.5,2.5,5.0,4.0,2.5,2.5,2.5,4.5,2.5,4.0,2.5,2.5,2.5,2.5,2.5,2.5,2.5,2.5,2.5,2.5,4.0,2.0,2.5,2.5,4.0,4.0,4.5,2.5,2.5,4.5,2.5,2.5,2.5,2.5,3.0,0.5,2.0,3.5,3.0,0.5
2.5,4.0,2.5,4.5,2.5,4.0,2.5,2.5,5.0,2.5,2.5,2.5,2.5,2.5,2.5,2.5,2.5,2.5,2.5,2.5,2.5,5.0,2.5,4.5,2.5,4.0,2.5,2.5,2.5,2.5,2.5,2.5,2.5,4.5,2.5,2.5,5.0,2.5,2.5,2.5,2.5,4.0,2.5,2.5,2.5,2.5,2.5,4.5,2.5,2.5,2.5,2.5,2.5,5.0,2.5,2.5,5.0,2.5,4.0,2.5,4.0,2.5,2.5,4.0,4.5,2.5,2.5
2.5,2.5,3.5,2.5,4.5,2.5,3.5,2.5,2.5,4.5,3.5,3.5,2.5,4.0,2.5,4.0,2.5,2.5,2.5,4.5,3.5,2.5,2.5,4.0,4.0,3.5,4.0,3.5,2.5,2.5,4.0,2.5,4.5,3.5,2.5,4.0,3.5,2.5,2.5,4.0,4.5,4.0,4.0,2.5,2.5,2.5,3.5,4.0,3.5,4.0,2.5,2.5,2.5,2.5,4.5,3.5,2.5,4.0,1.5,4.0,1.5,2.5,3.5,4.5,2.5,4.0,2.5
2.5,2.5,2.5,2.5,4.0,2.5,2.5,2.5,5.0,4.5,3.5,2.5,2.5,2.5,2.5,3.0,2.5,4.5,2.5,2.5,2.5,2.5,2.5,2.5,2.5,2.5,2.5,2.5,2.5,2.5,2.5,2.5,2.5,2.5,4.0,2.5,2.5,2.5,2.5,3.5,1.0,2.5,2.5,5.0,2.5,2.5,5.0,2.5,2.5,2.5,2.5,4.0,3.5,2.5,5.0,2.5,4.5,3.0,2.5,4.0,2.5,3.5,2.5,3.5,0.5,4.5,2.5
2.5,2.5,2.5,4.0,2.5,5.0,4.0,4.0,5.0,5.0,2.5,2.5,4.0,3.0,4.0,3.0,5.0,2.5,2.5,2.5,3.0,5.0,5.0,2.5,2.5,4.0,3.0,2.5,3.0,4.0,4.0,4.0,4.0,4.0,2.5,4.0,3.0,2.5,3.0,3.0,3.0,2.5,2.5,2.5,2.5,2.5,2.5,2.5,2.5,2.5,2.5,2.5,2.5,2.5,2.5,2.5,2.5,2.5,2.5,2.5,2.5,2.5,2.5,2.5,2.5,2.5,2.5
3.0,2.5,2.5,2.5,2.5,2.5,2.5,2.5,2.5,0.5,2.5,2.5,2.5,2.5,2.5,2.5,2.5,2.5,1.0,2.5,2.5,2.5,2.5,2.5,2.5,2.5,2.5,2.5,2.5,2.5,2.5,2.0,2.5,2.5,2.5,2.5,2.5,2.5,1.0,1.0,2.5,2.5,1.5,0.5,2.5,2.5,2.5,2.5,2.5,2.5,1.5,2.5,2.5,2.5,2.5,2.5,2.5,3.0,4.5,2.5,2.5,2.5,2.5,2.5,2.5,2.5,2.5
4.0,4.0,4.5,4.5,4.0,3.5,4.5,4.5,2.0,3.0,3.5,3.5,3.0,3.5,4.0,4.5,2.5,5.0,3.5,4.0,5.0,4.5,3.5,4.0,3.5,5.0,4.0,4.0,3.0,5.0,4.5,5.0,5.0,5.0,5.0,4.0,5.0,4.5,4.0,3.5,4.0,4.0,3.5,4.0,3.0,2.5,4.5,5.0,4.0,3.5,4.5,4.0,2.5,4.5,3.5,4.0,4.5,5.0,4.0,4.5,5.0,4.0,2.5,5.0,4.0,4.5,4.5
2.5,4.0,2.5,2.5,2.5,2.5,5.0,2.5,2.5,2.5,2.5,2.5,2.5,2.5,2.5,3.5,2.5,5.0,2.5,4.0,2.5,2.5,4.5,2.5,2.5,2.5,5.0,5.0,2.5,2.5,5.0,2.5,5.0,4.5,5.0,4.5,4.0,5.0,2.5,5.0,3.5,5.0,2.5,2.5,2.5,2.5,5.0,5.0,2.5,2.5,2.5,2.5,2.5,2.5,2.5,4.0,2.5,2.5,2.5,2.5,4.0,4.5,2.5,2.5,2.5,2.5,2.5
2.5,2.5,2.5,2.5,2.5,2.5,2.5,3.5,2.5,4.0,2.5,2.5,4.0,3.5,2.5,2.5,2.5,2.5,2.5,2.5,4.0,2.5,2.5,4.0,2.5,2.5,2.5,2.5,2.5,2.5,2.5,3.5,2.5,2.5,2.5,2.5,2.5,2.5,3.5,4.0,2.5,2.5,4.0,2.5,2.5,2.5,4.0,2.5,2.5,3.5,3.5,2.5,2.5,2.5,2.5,2.5,2.5,2.5,2.5,2.5,2.5,2.5,4.0,2.5,2.5,2.5,2.5
4.0,2.5,2.5,4.0,4.5,4.0,4.0,5.0,5.0,4.0,3.0,3.5,2.5,2.5,2.5,4.0,3.5,2.5,2.5,2.5,2.5,5.0,4.0,2.5,2.5,4.5,2.5,4.5,2.5,2.5,4.5,3.5,3.5,2.5,5.0,3.5,2.5,2.5,2.5,2.5,4.0,2.5,2.5,4.5,4.5,2.5,4.0,4.0,3.5,2.5,3.5,2.5,2.5,5.0,2.5,2.5,5.0,3.5,3.5,4.0,3.0,3.5,3.5,4.5,4.5,4.0,3.5
2.5,2.5,0.5,2.5,1.0,2.5,3.0,2.5,2.5,4.0,4.0,3.0,2.5,3.5,2.5,2.5,4.5,2.5,4.0,2.5,3.0,2.5,4.0,2.5,4.0,1.5,2.5,2.5,2.5,4.5,2.5,2.5,2.5,2.5,3.0,2.5,2.5,2.5,4.0,2.0,2.5,2.5,3.0,2.5,2.5,2.5,2.5,2.5,3.0,3.0,2.5,2.5,2.5,2.5,2.5,2.5,4.0,4.5,4.0,3.0,3.5,4.0,4.0,3.0,2.5,2.5,4.0
2.5,3.5,5.0,5.0,3.5,2.5,4.0,5.0,5.0,3.5,2.5,2.5,2.5,2.5,2.5,2.5,3.5,4.0,2.5,4.0,2.5,4.5,4.0,2.5,2.5,5.0,2.5,5.0,2.5,2.5,2.5,2.5,4.0,2.5,5.0,2.5,4.0,2.5,4.0,2.5,2.5,2.5,2.5,2.5,4.0,2.5,5.0,4.0,2.5,2.5,2.5,4.5,5.0,5.0,4.0,3.5,3.5,4.0,3.5,4.0,3.5,4.0,3.5,4.0,4.0,4.5,3.5
2.5,4.0,3.0,4.0,5.0,3.0,2.5,5.0,5.0,5.0,3.0,3.0,3.0,3.0,4.0,3.0,3.0,2.5,3.0,3.0,4.0,4.0,2.5,2.5,3.0,2.5,2.5,2.5,2.5,2.5,2.5,2.5,2.5,2.5,2.5,2.5,2.5,2.5,2.5,2.5,2.5,2.5,2.5,2.5,2.5,2.5,2.5,2.5,2.5,2.5,2.5,2.5,2.5,2.5,2.5,2.5,2.5,2.5,2.5,2.5,2.5,2.5,2.5,2.5,2.5,2.5,2.5
2.5,2.5,2.5,2.5,2.5,2.5,2.5,2.5,4.5,5.0,3.5,2.5,2.5,2.5,2.5,2.5,2.5,2.5,4.5,2.5,2.5,0.5,2.5,2.5,2.5,2.5,2.0,2.5,2.5,2.5,2.5,3.5,2.5,2.5,1.5,2.5,2.5,2.5,2.5,2.5,2.5,2.5,3.0,4.0,4.0,4.0,2.5,0.5,2.5,3.0,2.5,2.5,4.0,5.0,2.5,2.5,3.5,3.0,3.0,2.5,2.5,2.5,4.0,3.0,3.5,2.5,1.0
2.5,2.5,2.5,2.5,2.5,2.5,4.0,2.5,2.5,4.0,2.5,2.5,2.5,2.5,2.5,2.5,2.5,2.5,2.5,2.5,2.5,4.0,2.5,2.5,2.5,4.0,2.5,2.5,2.5,2.5,2.5,2.5,2.5,2.5,2.5,2.5,2.5,2.5,3.0,2.5,2.5,2.5,2.5,2.5,2.5,4.0,2.5,2.5,2.5,2.5,2.5,2.5,5.0,2.5,2.5,2.5,2.5,2.5,2.5,2.5,2.5,2.5,2.5,2.5,2.5,2.5,2.5
2.5,5.0,2.5,2.5,3.0,2.5,5.0,5.0,2.5,2.5,4.0,2.5,2.5,1.0,4.0,5.0,2.5,2.5,4.0,5.0,5.0,5.0,2.5,2.5,2.0,2.5,2.5,2.5,2.5,2.5,5.0,2.5,4.0,5.0,2.5,2.5,2.5,5.0,2.5,2.5,2.5,2.5,4.0,4.0,2.5,4.0,5.0,3.0,2.5,2.5,2.5,3.0,1.0,2.5,5.0,5.0,2.5,2.5,2.5,2.5,2.5,2.5,2.5,2.5,2.5,2.5,2.5
2.5,3.0,4.0,4.0,5.0,4.0,2.5,4.0,5.0,4.0,4.0,3.0,3.0,4.0,4.0,4.0,5.0,2.5,4.0,4.0,3.0,5.0,3.0,3.0,3.0,2.5,3.0,2.5,2.5,2.5,2.5,2.5,2.5,2.5,2.5,2.5,2.5,2.5,2.5,2.5,2.5,2.5,2.5,2.5,2.5,2.5,2.5,2.5,2.5,2.5,2.5,2.5,2.5,2.5,2.5,2.5,2.5,2.5,2.5,2.5,2.5,2.5,2.5,2.5,2.5,2.5,2.5
3.5,2.5,2.5,2.5,2.5,2.5,2.5,4.0,4.5,4.0,5.0,2.5,2.5,2.5,2.5,2.5,2.5,2.5,2.5,2.5,2.5,2.5,2.5,2.5,2.5,2.5,2.5,2.5,2.5,2.5,2.5,2.5,2.5,2.5,2.5,2.5,2.5,2.5,2.5,4.0,2.5,2.5,4.0,2.5,2.5,2.5,2.5,4.0,2.5,4.0,2.5,2.5,2.5,2.5,5.0,4.0,2.5,4.0,4.5,5.0,2.5,4.5,4.0,4.0,2.5,5.0,4.0
2.5,5.0,4.5,5.0,2.5,2.5,5.0,5.0,5.0,5.0,2.5,2.5,2.5,2.5,2.5,4.0,2.5,2.5,2.5,5.0,4.5,5.0,5.0,2.5,4.0,5.0,2.5,5.0,2.5,5.0,5.0,5.0,2.5,5.0,2.5,5.0,5.0,2.5,5.0,5.0,2.5,2.5,2.5,5.0,2.5,2.5,2.5,5.0,2.5,2.5,2.5,5.0,2.5,5.0,2.5,4.0,2.5,2.5,5.0,2.5,2.5,2.5,4.5,2.5,2.5,2.5,2.5
2.5,2.5,2.5,2.5,4.5,2.5,2.5,4.5,4.0,5.0,2.5,2.5,2.5,2.5,2.5,2.5,2.5,2.5,2.5,4.0,2.5,4.0,3.0,2.5,2.5,4.5,2.5,2.5,2.5,2.5,2.5,2.5,2.5,2.5,4.5,4.0,2.5,4.0,4.5,5.0,2.5,2.5,4.0,2.5,2.5,2.5,2.5,5.0,2.5,2.5,2.5,2.5,5.0,5.0,2.5,2.5,4.0,2.5,2.5,2.5,2.5,2.5,2.5,4.0,4.5,2.5,2.5
2.5,2.5,3.5,2.5,4.0,2.5,4.0,2.5,2.5,2.5,2.5,2.5,2.5,2.5,2.5,3.5,2.5,3.5,3.5,2.5,2.5,2.5,2.5,4.0,3.5,2.5,2.5,2.5,2.5,3.5,4.0,5.0,2.5,2.5,2.5,4.0,2.5,2.5,2.5,2.5,2.5,4.5,2.5,2.5,2.5,3.5,4.5,4.5,3.5,3.0,2.5,2.5,4.5,4.0,4.5,4.0,3.0,3.5,4.0,4.5,2.5,4.5,2.5,4.0,4.5,4.5,2.5
2.0,3.0,4.0,4.0,2.5,2.5,2.0,4.0,4.5,4.0,4.5,2.5,2.5,2.5,2.5,2.5,2.5,2.5,3.5,2.5,2.0,3.5,2.5,2.5,2.5,3.0,2.5,3.0,3.5,2.5,2.0,2.5,2.5,2.5,3.5,2.0,2.5,2.5,2.5,3.5,2.5,3.5,2.5,3.5,3.0,3.0,2.5,4.5,2.0,3.5,2.5,2.5,4.5,4.0,2.5,3.5,4.0,3.5,3.0,4.5,3.0,3.0,3.0,3.0,4.5,4.0,3.0
4.0,5.0,5.0,2.5,4.0,2.5,4.0,4.0,5.0,2.5,2.5,4.0,4.0,3.0,4.0,5.0,5.0,2.5,2.5,4.0,5.0,5.0,4.0,4.0,3.0,4.0,5.0,2.5,4.0,5.0,4.0,5.0,4.0,5.0,5.0,4.0,4.0,5.0,5.0,2.5,4.0,2.5,4.0,4.0,2.5,2.0,4.0,5.0,2.0,4.0,2.5,3.0,4.0,5.0,2.0,4.0,5.0,4.0,2.5,5.0,2.5,2.5,2.5,2.5,2.5,2.5,2.5
2.5,2.5,5.0,2.5,5.0,2.0,2.5,1.0,2.5,2.5,5.0,4.0,2.5,3.0,5.0,2.5,2.5,2.5,3.0,2.5,4.0,3.0,2.5,2.5,2.5,2.5,2.5,2.5,2.5,2.5,2.5,2.5,2.5,2.5,2.5,2.5,2.5,2.5,2.5,2.5,2.5,2.5,2.5,2.5,2.5,2.5,2.5,2.5,2.5,2.5,2.5,2.5,2.5,2.5,2.5,2.5,2.5,2.5,2.5,2.5,2.5,2.5,2.5,2.5,2.5,2.5,2.5
4.0,2.5,2.5,2.5,4.0,3.5,4.0,3.0,3.5,3.5,2.5,2.5,2.5,2.5,2.5,3.5,3.5,5.0,4.0,3.5,2.5,4.0,4.5,2.5,3.0,5.0,2.5,2.5,2.5,5.0,4.0,3.5,4.5,4.0,2.5,3.0,5.0,2.5,2.5,3.5,2.5,2.5,3.5,2.5,2.5,4.0,4.0,4.0,3.0,2.5,3.0,4.5,2.5,3.0,3.5,2.5,2.5,4.0,2.5,5.0,2.5,4.5,4.0,2.5,2.5,5.0,2.5
2.5,2.5,2.5,2.5,2.5,2.5,4.0,2.5,2.5,2.5,2.5,2.5,2.5,2.5,2.5,2.5,2.5,2.5,2.5,2.5,2.5,2.5,2.5,2.5,2.5,2.5,2.5,2.5,2.5,2.5,2.5,2.5,4.0,2.5,2.5,2.5,2.5,2.5,2.5,2.5,2.5,2.5,2.5,2.5,2.5,2.5,2.5,2.5,2.5,2.5,2.5,2.5,2.5,2.5,2.5,3.0,2.5,2.5,3.0,4.0,3.0,4.0,2.5,3.0,3.0,4.0,3.5
3.0,2.5,4.0,3.0,4.0,5.0,4.0,4.0,4.0,4.0,4.0,2.5,4.0,4.0,4.0,4.0,5.0,3.0,3.0,2.5,2.5,4.0,5.0,4.0,4.0,5.0,4.0,3.0,4.0,2.5,3.0,2.5,4.0,4.5,2.5,3.5,4.0,3.0,3.0,3.0,3.0,2.5,3.0,4.0,4.0,4.0,5.0,4.0,4.0,0.5,4.0,2.5,4.0,2.5,4.0,2.5,3.0,3.0,4.0,3.0,3.5,4.0,4.0,3.5,2.0,5.0,4.5
4.0,2.5,3.0,2.5,3.5,3.5,4.0,4.0,4.0,4.0,4.0,2.5,2.5,2.5,2.5,3.0,2.5,2.5,4.0,2.5,2.5,2.5,2.5,2.5,3.0,2.5,2.5,2.5,2.5,2.5,3.0,3.5,3.0,2.5,2.5,4.5,2.5,2.5,3.5,2.5,2.5,3.5,3.5,3.0,3.5,2.5,4.0,3.5,2.5,3.0,3.5,2.5,2.5,5.0,5.0,2.5,3.0,4.0,4.0,4.0,2.5,3.5,4.5,4.0,3.0,4.0,4.5
3.5,4.0,4.5,2.5,4.5,3.0,2.5,4.0,2.5,4.0,4.5,2.5,3.5,3.0,2.5,3.0,3.5,3.0,4.5,2.0,3.5,4.5,2.5,3.5,2.5,2.5,3.5,2.5,2.5,2.5,2.5,2.5,2.5,2.5,2.5,2.5,3.0,2.5,3.0,2.5,4.0,2.5,3.5,2.5,2.5,2.5,3.5,4.0,2.5,2.0,2.5,4.0,4.0,4.0,4.0,2.5,5.0,5.0,2.5,4.5,2.5,4.5,5.0,5.0,2.5,4.5,2.5
2.0,2.5,2.5,2.5,2.5,2.5,2.5,3.0,2.5,3.5,3.0,2.5,2.5,2.5,2.5,2.5,2.0,2.5,2.5,2.5,2.5,2.5,2.5,2.5,0.5,1.0,2.5,2.5,2.5,2.5,0.5,2.5,0.5,2.5,2.5,2.5,2.5,2.5,2.5,2.5,2.5,2.5,0.5,4.5,4.0,2.0,2.5,0.5,2.5,2.5,2.5,2.5,3.0,0.5,2.5,2.5,4.0,2.0,2.5,2.5,0.5,2.5,1.0,2.5,2.5,2.5,2.5
4.0,2.5,3.5,4.0,2.5,4.0,1.0,5.0,4.5,3.0,2.5,3.0,2.5,2.5,3.5,3.0,2.5,4.0,2.5,2.5,2.5,4.0,5.0,3.5,2.5,5.0,2.5,4.0,3.0,5.0,2.5,2.5,4.0,2.5,5.0,2.5,2.5,2.5,5.0,3.5,3.5,2.5,3.0,3.5,4.0,3.0,2.5,3.0,2.5,3.0,3.0,2.5,4.5,2.5,3.5,2.5,4.5,2.5,2.5,2.5,2.5,2.5,4.0,4.0,2.5,2.5,2.5
4.0,5.0,5.0,4.0,4.0,5.0,5.0,5.0,2.5,3.0,5.0,5.0,3.0,2.5,2.0,2.0,5.0,5.0,2.5,5.0,4.0,2.0,5.0,1.0,1.0,5.0,2.0,2.5,3.0,2.5,4.0,2.5,3.0,1.0,2.5,5.0,2.0,4.0,2.0,5.0,3.0,3.0,2.0,2.5,2.5,2.5,5.0,4.0,2.0,2.5,4.0,5.0,5.0,4.5,5.0,1.0,2.5,4.0,2.5,2.0,0.5,1.5,2.5,2.5,2.5,5.0,2.5
5.0,4.0,4.0,5.0,2.5,2.5,4.5,4.5,4.5,4.0,2.5,3.5,3.0,2.5,3.5,2.5,4.5,2.5,5.0,2.5,3.5,4.0,4.5,3.0,2.5,4.5,4.0,4.0,4.0,2.5,4.5,4.5,4.5,2.5,4.0,5.0,4.0,3.0,4.0,2.5,4.5,2.5,4.0,5.0,4.5,3.0,4.5,4.0,3.5,2.5,3.5,4.0,4.0,4.5,3.5,3.5,5.0,4.5,4.0,3.5,4.5,4.5,4.5,2.5,4.5,5.0,4.5
3.5,2.5,2.5,2.5,3.5,4.0,4.0,3.0,5.0,3.0,2.5,2.5,2.5,2.5,2.5,3.5,2.5,3.5,3.0,2.5,3.0,2.5,3.0,2.5,2.5,2.5,2.5,2.5,2.5,4.0,4.5,4.5,4.0,1.5,2.5,4.0,2.0,2.5,3.0,2.5,4.5,5.0,3.5,3.0,2.5,2.5,3.5,2.5,2.5,2.5,2.5,3.0,3.0,2.5,2.5,5.0,2.5,4.5,4.5,5.0,4.0,4.5,3.5,4.5,2.5,4.5,4.5
4.5,2.5,2.5,2.5,2.5,4.5,2.5,2.5,5.0,4.5,4.5,2.5,4.5,2.5,4.0,4.0,5.0,2.5,5.0,2.5,2.5,2.5,2.5,2.5,2.5,2.5,2.5,2.5,4.0,5.0,2.5,4.0,2.5,2.5,2.5,2.5,2.5,2.5,4.0,4.0,2.5,2.5,3.5,5.0,2.5,5.0,5.0,4.5,4.0,5.0,2.5,4.0,2.5,2.5,2.5,2.5,2.5,5.0,5.0,4.5,4.0,4.5,5.0,4.5,3.0,5.0,2.5
5.0,2.5,4.5,4.0,2.5,4.0,2.5,5.0,5.0,5.0,4.0,3.0,3.0,3.0,2.5,3.5,4.5,2.5,4.0,2.5,3.0,5.0,4.0,4.0,3.5,5.0,4.0,4.0,3.0,4.5,3.0,5.0,3.5,2.5,1.0,3.0,2.5,2.5,4.0,5.0,3.0,2.5,3.5,3.5,5.0,5.0,2.5,3.0,2.0,1.0,4.0,2.5,4.0,4.0,2.5,4.5,2.5,4.0,5.0,2.0,3.5,2.0,4.0,5.0,3.5,2.0,4.0
2.5,2.5,3.0,2.5,3.0,2.5,2.5,2.0,2.5,5.0,2.5,3.0,3.0,2.0,4.0,5.0,2.5,2.5,4.0,2.5,2.0,3.0,2.5,2.5,2.5,2.5,2.5,2.5,2.5,2.5,2.5,2.5,2.5,2.5,2.5,2.5,2.5,2.5,2.5,2.5,2.5,2.5,2.5,2.5,2.5,2.5,2.5,2.5,2.5,2.5,2.5,2.5,2.5,2.5,2.5,2.5,2.5,2.5,2.5,2.5,2.5,2.5,2.5,2.5,2.5,2.5,2.5
4.0,4.0,4.0,4.5,3.5,2.5,3.5,5.0,4.5,5.0,2.5,2.5,2.5,3.0,3.5,3.5,4.0,4.0,2.5,2.0,3.5,4.5,5.0,4.0,1.5,4.5,4.0,5.0,2.0,4.0,3.0,3.5,3.5,4.5,5.0,2.5,4.5,2.0,4.5,3.0,3.5,4.5,2.5,3.0,4.0,2.5,3.0,5.0,1.5,4.0,2.5,4.0,5.0,5.0,3.5,2.5,4.5,4.0,4.5,3.0,3.0,3.0,2.5,2.5,4.0,1.0,2.5
2.5,2.5,2.5,2.5,2.5,2.5,2.5,2.5,2.5,2.5,2.5,2.5,2.5,2.5,2.5,2.5,2.5,2.5,2.5,2.5,2.5,2.5,2.5,2.5,2.5,2.5,2.5,2.5,2.5,2.5,2.5,2.5,2.5,2.5,2.5,2.5,2.5,2.5,2.5,2.5,2.5,2.5,2.5,2.5,2.5,2.5,2.5,2.5,2.5,2.5,2.5,2.5,2.5,2.5,2.5,3.5,5.0,2.5,2.5,2.5,2.5,2.5,2.5,2.5,2.5,2.5,2.5
4.0,2.5,2.5,2.5,2.5,2.5,4.0,2.5,2.5,2.5,4.0,2.5,4.0,4.0,2.5,4.0,2.5,4.0,5.0,5.0,4.0,5.0,2.5,4.0,4.0,2.5,2.5,2.5,3.0,5.0,5.0,4.0,5.0,5.0,2.5,5.0,4.0,4.0,5.0,2.5,4.0,4.0,4.0,2.5,2.5,2.5,2.5,3.0,4.0,3.0,3.0,2.5,2.5,2.5,4.0,2.5,2.5,5.0,2.5,5.0,4.0,2.5,2.5,2.5,2.5,2.5,2.5
2.5,2.5,4.0,4.5,3.0,2.5,4.0,4.5,3.0,2.0,2.5,2.5,2.0,2.0,2.5,2.5,4.0,4.5,2.5,2.5,2.5,4.0,4.5,2.5,0.5,2.5,2.5,4.5,2.5,4.0,4.0,2.5,3.0,4.5,4.0,4.0,4.0,2.5,4.5,2.5,2.5,1.0,2.0,2.5,2.5,2.5,2.5,4.0,1.5,2.5,2.5,2.5,4.0,3.0,2.0,2.5,4.0,2.5,2.5,4.5,2.0,4.5,2.5,2.5,4.0,4.5,4.0
2.5,4.0,2.5,5.0,2.5,4.0,4.0,5.0,5.0,2.5,2.5,2.5,4.0,2.5,2.5,2.5,4.0,2.5,2.5,3.0,2.5,2.5,5.0,5.0,2.5,2.5,5.0,5.0,3.0,2.5,4.0,2.5,2.5,2.5,2.5,4.0,2.5,2.5,2.5,5.0,4.0,2.5,2.5,4.0,4.0,2.5,3.0,3.0,2.5,2.5,2.5,5.0,4.0,2.5,4.0,4.0,2.5,3.0,2.5,2.5,2.5,2.5,2.5,2.5,2.5,2.5,2.5
2.5,5.0,5.0,5.0,3.0,2.5,5.0,5.0,5.0,5.0,4.0,2.5,2.5,2.5,2.5,3.0,2.5,3.0,2.5,3.0,3.0,4.0,3.0,3.0,2.0,2.5,2.5,5.0,3.0,2.5,5.0,5.0,4.0,3.0,5.0,5.0,2.0,3.0,4.0,5.0,2.5,1.0,4.0,4.0,4.0,2.5,4.0,5.0,2.0,2.5,2.0,1.0,5.0,5.0,3.0,2.5,4.0,2.5,3.0,2.0,3.0,2.5,2.5,2.5,2.5,2.5,2.5
2.5,2.5,3.0,4.0,2.5,4.0,4.0,4.0,4.0,2.0,2.5,2.5,2.0,3.0,4.0,2.5,5.0,5.0,2.5,3.5,3.0,4.0,5.0,2.5,3.0,4.0,2.5,4.0,2.0,5.0,3.5,4.0,4.0,2.5,4.0,2.0,4.0,5.0,4.0,2.5,2.5,2.5,4.0,2.5,2.0,3.0,4.0,4.0,2.0,4.5,2.5,4.0,5.0,2.5,4.0,2.5,4.0,2.5,2.5,2.5,3.0,2.5,2.5,2.5,2.5,2.5,2.5
3.5,2.5,4.0,2.5,4.5,4.0,5.0,5.0,5.0,4.0,2.5,3.5,4.0,2.5,2.5,3.5,2.5,2.5,4.0,2.5,2.5,2.5,2.5,3.5,3.5,2.5,3.5,2.5,2.5,2.5,5.0,5.0,4.0,2.5,2.5,5.0,3.5,2.5,2.5,4.0,3.5,3.5,4.0,3.5,4.5,2.5,2.5,5.0,3.0,4.0,2.5,2.5,3.5,5.0,4.0,4.0,4.0,3.0,3.5,4.0,3.5,4.5,4.0,4.0,5.0,4.0,4.0
5.0,4.0,2.5,2.5,2.5,4.0,5.0,5.0,2.5,5.0,2.5,2.5,2.5,4.0,2.5,5.0,2.5,2.5,2.5,5.0,3.0,5.0,2.5,2.5,4.0,2.5,2.5,2.5,5.0,2.5,5.0,5.0,5.0,2.5,2.5,5.0,2.5,5.0,2.5,5.0,5.0,4.0,4.0,2.5,2.5,5.0,5.0,2.5,3.0,5.0,5.0,5.0,5.0,2.5,2.5,2.5,2.5,2.5,2.5,2.5,2.5,2.5,2.5,2.5,2.5,2.5,2.5
4.0,4.0,2.5,4.0,4.0,4.0,4.0,4.0,4.0,5.0,2.5,2.5,3.0,2.5,3.0,4.0,2.5,5.0,4.0,5.0,3.0,5.0,4.0,3.0,2.0,4.0,4.0,5.0,4.0,5.0,5.0,4.0,5.0,5.0,4.0,3.0,4.0,4.0,5.0,4.0,4.0,3.0,4.0,4.0,2.5,2.5,4.0,4.0,4.0,2.5,4.0,5.0,4.0,5.0,2.5,5.0,2.5,2.5,2.5,2.5,2.5,2.5,2.5,2.5,2.5,2.5,2.5
2.5,2.5,2.5,2.5,2.5,2.5,5.0,0.5,2.5,2.5,2.5,2.5,2.5,2.5,2.5,2.5,2.5,2.5,2.5,4.0,2.5,2.5,2.5,2.5,2.5,2.5,2.5,2.5,2.5,2.5,5.0,2.5,3.0,2.5,2.5,5.0,2.5,2.5,2.5,4.5,2.5,5.0,2.5,2.5,2.5,2.5,2.5,5.0,5.0,2.5,4.5,2.5,2.5,2.5,2.5,2.5,2.5,4.0,2.5,4.0,4.5,4.0,2.5,4.5,2.5,4.0,2.5
2.5,2.5,2.5,2.5,2.5,2.5,2.5,3.5,4.5,3.5,3.0,2.5,2.5,2.5,2.5,3.0,2.5,3.0,2.5,4.0,2.5,3.5,3.0,2.5,2.0,2.5,2.5,2.5,2.5,4.0,3.5,2.5,4.0,3.5,4.0,3.5,2.5,4.0,2.5,2.5,4.0,2.5,2.5,2.5,2.5,2.5,2.5,3.0,2.5,2.5,3.0,2.5,3.5,4.5,3.0,2.5,2.5,4.0,2.5,3.0,2.5,3.0,3.5,3.5,3.5,3.5,3.0
3.0,2.5,2.5,2.5,2.5,2.5,2.5,2.5,2.5,2.5,3.0,2.5,2.5,2.5,2.5,2.5,2.5,2.5,4.0,2.5,2.5,2.5,2.5,2.0,2.5,2.5,2.5,2.5,2.5,5.0,2.5,3.0,5.0,2.5,2.5,2.5,2.5,2.5,4.0,2.5,2.5,2.5,2.5,2.5,2.5,2.5,2.5,2.5,2.5,2.5,3.0,2.5,5.0,2.5,4.0,4.0,2.5,2.5,2.5,2.5,2.5,2.5,2.5,2.5,2.5,2.5,2.5
4.0,2.5,2.0,3.0,2.0,2.5,5.0,2.0,2.5,2.0,2.5,3.0,2.5,2.0,4.0,4.0,2.5,2.5,2.5,3.0,2.0,2.5,5.0,5.0,3.0,2.0,4.0,3.0,2.5,2.0,5.0,2.5,5.0,3.0,2.5,5.0,3.0,2.0,3.0,3.0,5.0,3.0,5.0,2.5,2.5,2.5,4.0,3.0,4.0,2.5,4.0,4.0,2.5,2.5,2.5,2.5,2.5,2.5,2.5,2.5,2.5,2.5,2.5,2.5,2.5,2.5,2.5
3.5,3.5,3.5,5.0,2.5,4.0,5.0,4.0,5.0,2.5,5.0,3.0,3.5,3.0,4.5,4.0,2.5,3.5,4.5,4.5,3.5,4.5,3.0,4.5,4.0,4.5,5.0,4.0,2.5,3.5,4.5,3.5,4.5,2.5,2.5,4.0,2.5,4.0,3.5,3.5,4.5,5.0,3.0,3.5,4.0,0.5,4.5,5.0,1.0,4.0,4.0,2.0,5.0,4.5,4.5,3.0,5.0,4.5,3.5,3.5,3.5,3.5,3.5,4.5,4.5,3.5,4.0
5.0,4.5,3.0,5.0,2.5,5.0,5.0,5.0,5.0,5.0,4.5,2.5,3.5,4.5,2.5,5.0,2.5,2.0,5.0,5.0,2.5,2.5,5.0,3.0,4.0,5.0,5.0,3.5,2.5,2.5,5.0,4.5,5.0,5.0,5.0,4.5,2.5,4.5,5.0,5.0,5.0,4.5,5.0,2.5,4.5,5.0,5.0,5.0,3.5,3.5,5.0,5.0,2.5,1.5,2.5,5.0,5.0,5.0,4.0,2.5,4.5,4.5,5.0,5.0,4.5,4.5,4.5
2.5,5.0,2.5,4.5,2.5,2.5,2.5,5.0,4.0,3.5,2.5,2.5,2.5,2.5,2.5,3.0,3.0,5.0,2.5,4.5,2.5,4.0,5.0,2.5,2.0,4.5,2.5,4.5,2.5,4.0,2.5,4.5,3.5,5.0,4.5,2.5,5.0,2.5,4.0,2.5,2.5,2.5,2.5,2.5,2.5,3.0,2.5,2.0,2.5,0.5,2.5,3.5,5.0,5.0,2.5,2.5,2.5,2.5,2.5,2.5,2.5,2.5,4.0,3.5,2.5,2.5,2.5
2.5,3.0,4.0,3.0,4.0,2.5,2.5,4.0,2.5,4.0,2.5,3.0,2.5,2.5,2.5,2.5,3.0,2.5,2.5,2.5,2.5,2.5,2.5,2.5,2.5,4.5,3.0,4.0,3.0,2.5,2.5,2.5,4.0,2.5,4.0,2.5,2.5,3.5,2.5,4.5,2.5,2.5,2.5,4.0,2.5,2.5,3.0,4.0,2.5,2.5,4.0,2.5,2.5,3.5,4.5,2.5,2.5,2.5,2.5,4.0,2.5,3.5,3.0,3.5,4.0,2.5,3.0
3.5,4.0,5.0,2.5,2.5,4.5,4.5,4.5,2.5,4.0,3.5,3.0,2.5,2.5,2.5,4.0,2.5,2.5,4.0,4.0,2.5,2.5,4.5,3.5,3.0,2.5,3.0,2.5,4.0,5.0,5.0,4.5,4.0,2.5,4.0,5.0,2.5,4.0,4.0,4.0,4.5,4.5,3.5,2.5,4.0,1.5,2.5,4.0,2.5,4.0,4.0,2.5,4.0,4.0,4.0,3.5,2.5,4.0,4.0,4.0,4.0,4.0,4.0,4.5,3.5,4.5,2.5
2.5,2.5,3.0,2.5,2.5,2.0,2.5,2.5,3.0,2.5,3.0,3.0,3.0,3.0,2.5,2.5,1.0,2.5,2.0,0.5,3.0,3.0,2.5,2.0,3.0,2.5,2.5,2.5,0.5,2.5,2.5,2.5,2.5,3.0,2.5,2.5,3.5,2.5,2.5,2.5,2.5,5.0,3.5,2.5,3.0,3.0,2.5,2.5,2.5,0.5,2.0,2.5,2.5,3.0,3.0,3.0,2.5,2.5,2.5,2.5,4.0,3.5,4.5,5.0,2.0,3.0,3.0
3.5,2.5,4.5,2.5,4.5,4.5,4.5,5.0,5.0,4.0,3.5,2.5,3.5,2.5,2.5,3.0,4.5,2.5,3.0,4.0,2.5,2.5,2.5,3.0,3.5,4.0,4.5,2.5,4.0,3.5,4.5,4.0,4.5,2.5,2.5,5.0,2.5,4.5,4.0,3.0,3.5,2.5,3.5,4.5,2.5,4.5,5.0,4.5,4.0,2.5,3.0,5.0,2.5,4.5,5.0,4.0,5.0,4.0,4.0,3.5,4.5,4.0,4.0,4.5,3.0,4.0,4.0
3.0,2.5,3.5,4.0,3.0,2.0,2.5,4.0,5.0,5.0,3.5,3.5,2.5,2.5,2.5,2.5,4.0,2.5,2.5,2.5,2.5,4.5,4.0,3.0,2.5,4.0,2.5,2.5,2.5,3.0,2.5,2.5,2.5,2.5,4.0,2.5,2.5,2.5,2.5,2.5,2.5,2.5,3.0,2.5,2.5,3.5,4.0,4.5,2.5,2.5,2.5,3.5,3.0,4.0,2.5,2.5,2.5,4.0,2.5,4.0,2.5,4.0,4.0,3.0,3.5,4.0,3.5
5.0,2.5,2.5,2.5,2.5,2.5,5.0,2.5,2.5,2.5,5.0,2.5,4.0,2.5,2.5,5.0,2.5,2.5,5.0,2.5,4.0,2.5,2.5,4.0,2.5,2.5,4.0,2.5,5.0,2.5,5.0,2.5,4.0,4.0,2.5,5.0,5.0,2.5,2.5,2.5,3.0,2.5,4.0,2.5,2.5,2.5,3.0,5.0,3.0,2.5,2.5,2.5,2.5,2.5,2.5,4.0,4.0,5.0,2.5,2.5,2.5,2.5,2.5,2.5,2.5,2.5,2.5
4.0,5.0,5.0,4.5,4.5,2.5,5.0,5.0,5.0,5.0,4.0,3.5,2.5,3.5,4.0,4.0,2.5,4.0,4.0,3.5,2.5,3.5,4.5,4.0,4.0,5.0,4.0,5.0,2.5,5.0,5.0,4.5,4.0,4.0,5.0,5.0,4.0,4.0,2.5,2.5,4.5,4.5,4.0,4.0,5.0,2.5,5.0,5.0,3.5,3.5,4.0,2.5,5.0,5.0,4.5,4.5,2.5,4.0,4.5,5.0,4.5,5.0,4.5,4.0,4.0,5.0,4.5
5.0,2.5,2.5,2.5,5.0,4.0,2.5,2.0,3.0,5.0,4.0,4.0,5.0,3.0,3.0,4.0,2.5,2.5,4.0,4.0,3.0,2.5,2.5,2.5,5.0,2.5,2.5,2.5,2.5,2.5,2.5,2.5,2.5,2.5,2.5,2.5,2.5,2.5,2.5,2.5,2.5,2.5,2.5,2.5,2.5,2.5,2.5,2.5,2.5,2.5,2.5,2.5,2.5,2.5,2.5,2.5,2.5,2.5,2.5,2.5,2.5,2.5,2.5,2.5,2.5,2.5,2.5
2.5,2.5,2.5,4.5,2.5,2.5,5.0,4.0,2.5,3.5,2.5,2.5,2.5,2.5,2.5,2.5,2.5,5.0,2.5,5.0,2.5,2.5,2.5,2.5,2.5,2.5,2.5,2.5,2.5,2.5,5.0,2.5,2.5,2.5,3.5,5.0,2.5,4.5,2.5,2.5,2.5,4.0,2.5,2.5,2.5,2.5,2.5,5.0,2.5,2.5,3.0,2.5,2.5,4.0,2.5,2.5,5.0,2.5,4.5,5.0,2.5,5.0,5.0,5.0,4.5,5.0,2.5
5.0,3.0,4.0,5.0,4.0,3.0,4.0,4.0,4.5,5.0,5.0,2.5,2.5,2.5,2.5,4.5,4.0,2.5,5.0,3.5,2.5,4.0,4.0,2.5,2.5,4.0,2.5,4.0,2.5,2.0,4.5,5.0,4.0,2.5,2.5,3.5,2.5,2.5,3.0,4.0,4.0,2.5,2.5,5.0,4.5,2.5,4.0,3.5,2.5,2.5,2.5,4.5,4.0,5.0,4.0,2.5,4.5,3.5,4.0,4.0,2.0,4.0,4.0,4.0,3.5,4.0,4.0
4.0,5.0,5.0,4.0,5.0,2.5,5.0,4.0,4.5,4.5,5.0,4.0,4.0,4.0,4.5,4.0,4.5,4.0,4.0,4.0,2.5,4.0,4.5,3.5,4.0,4.5,4.0,4.0,3.0,2.5,5.0,2.5,5.0,3.5,4.0,4.5,4.5,4.0,4.5,4.5,4.5,4.0,4.5,3.5,4.0,2.0,4.5,5.0,3.5,3.0,4.0,4.0,4.5,5.0,4.0,4.0,5.0,3.5,4.0,5.0,4.0,4.5,4.0,4.0,4.5,5.0,4.0
4.5,4.5,4.5,4.5,4.0,4.0,4.0,5.0,4.5,5.0,2.5,2.5,2.5,2.5,4.0,4.0,5.0,2.5,2.5,4.0,2.5,4.0,2.5,3.5,3.0,4.0,2.5,4.0,2.5,2.5,4.0,2.5,2.5,4.0,2.5,4.0,4.0,2.5,2.5,3.5,2.5,2.5,2.5,2.5,2.5,3.5,5.0,5.0,2.5,2.5,2.5,5.0,5.0,5.0,4.5,2.5,4.5,5.0,4.0,4.5,1.0,4.0,4.5,4.0,5.0,4.0,4.5
2.5,2.5,2.5,2.5,2.5,2.5,4.0,2.5,5.0,2.5,2.5,2.5,4.0,2.5,2.5,2.5,2.5,2.5,2.5,2.5,2.5,4.5,2.5,2.5,4.5,2.5,2.5,2.5,2.5,2.5,4.0,2.5,5.0,2.5,2.5,4.0,2.5,2.5,2.5,5.0,2.5,2.5,2.5,2.5,2.5,2.5,2.5,4.5,2.5,2.5,2.5,2.5,2.5,2.5,2.5,2.5,2.5,4.5,2.5,2.5,2.5,2.5,2.5,2.5,3.5,2.5,2.5
2.5,2.5,4.5,5.0,2.5,2.5,2.5,4.5,2.5,2.5,2.5,2.5,2.5,2.5,2.5,2.5,2.5,2.5,2.5,2.5,2.5,2.5,5.0,2.5,2.5,2.5,2.5,5.0,2.5,2.5,2.5,2.5,2.5,2.5,2.0,2.5,2.5,2.5,2.5,2.5,2.5,2.5,2.5,2.5,2.5,2.5,2.5,2.5,2.5,2.5,2.5,2.5,2.5,4.0,2.0,2.5,4.0,2.5,2.5,2.5,2.5,2.5,2.5,2.5,4.5,2.5,2.5
4.0,2.5,2.5,2.5,4.0,4.0,2.5,3.0,5.0,4.0,2.5,2.5,3.0,4.0,4.0,2.5,5.0,2.5,2.5,2.5,2.5,5.0,2.5,2.5,2.5,2.5,2.5,2.5,2.5,4.0,4.0,4.0,2.5,2.5,2.5,4.0,2.5,2.5,2.5,2.5,2.5,2.5,3.0,2.5,5.0,4.0,4.0,4.0,3.0,1.0,2.5,2.5,4.0,2.5,2.5,4.0,5.0,4.5,4.5,4.5,4.0,4.0,4.5,4.0,2.5,4.5,3.5
2.5,4.0,2.5,2.5,3.0,4.0,5.0,2.5,4.0,2.5,2.5,2.5,2.5,2.5,2.5,4.0,2.5,4.0,2.5,4.0,3.0,5.0,4.0,2.5,4.0,2.5,2.5,2.5,3.0,2.5,5.0,2.5,5.0,2.5,2.5,2.5,2.0,5.0,2.5,5.0,2.5,4.0,3.0,4.0,2.5,4.0,4.0,5.0,4.0,2.5,2.5,2.5,2.0,2.5,2.5,5.0,2.5,2.5,2.5,2.5,2.5,2.5,2.5,2.5,2.5,2.5,2.5
2.0,4.0,2.5,4.0,5.0,2.5,4.0,5.0,2.5,4.0,2.5,3.0,2.0,2.5,4.0,4.0,2.5,5.0,2.5,4.0,4.0,2.5,5.0,2.5,2.5,2.5,4.0,5.0,2.0,5.0,5.0,4.0,5.0,5.0,5.0,3.0,2.5,4.0,4.0,4.0,5.0,3.0,3.0,2.5,2.5,2.5,4.0,5.0,2.5,5.0,5.0,2.5,2.5,5.0,2.5,2.5,2.5,2.5,2.5,2.5,2.5,2.5,2.5,2.5,2.5,2.5,2.5
2.5,2.5,3.0,5.0,2.5,2.5,4.0,2.5,2.5,2.0,2.5,2.5,2.5,2.5,2.5,2.5,2.5,2.5,2.5,2.5,2.5,2.5,2.5,2.5,2.5,5.0,3.0,2.5,2.5,2.5,5.0,5.0,2.5,2.5,3.0,1.0,2.5,2.5,2.5,2.5,2.0,2.5,3.0,2.5,3.0,2.5,2.5,5.0,2.0,2.5,4.0,4.0,5.0,2.5,2.5,2.5,2.5,2.5,2.5,2.5,2.5,2.5,2.5,2.5,2.5,2.5,2.5
4.0,4.0,4.0,4.0,4.5,2.5,3.0,5.0,4.5,4.5,4.0,4.0,3.5,4.0,3.5,3.5,4.0,2.5,4.0,4.5,3.0,4.0,3.0,3.5,3.5,3.5,4.0,4.5,2.5,3.5,4.5,4.0,4.0,4.0,4.5,4.0,4.0,4.0,4.5,3.5,3.5,4.0,3.0,4.5,4.0,3.5,4.0,4.0,2.5,4.0,3.5,4.0,5.0,5.0,3.5,3.0,4.5,3.5,3.5,3.0,3.0,3.5,4.0,4.0,5.0,3.0,3.5
5.0,5.0,2.5,4.0,2.5,2.5,4.0,5.0,4.0,3.0,2.5,2.5,2.5,2.5,2.5,4.0,5.0,5.0,2.5,2.5,2.5,5.0,4.0,2.5,2.5,5.0,2.5,5.0,4.0,5.0,2.5,5.0,4.0,2.5,3.0,4.0,2.5,2.5,5.0,4.0,2.5,2.5,3.0,2.5,4.0,2.5,2.5,5.0,2.5,2.5,4.0,2.5,4.0,5.0,4.0,2.0,5.0,3.0,4.0,4.0,4.0,4.0,2.5,2.5,2.5,2.5,2.5
3.0,2.5,2.5,3.5,4.0,2.5,5.0,5.0,4.5,3.0,2.5,2.5,3.5,2.5,2.5,4.0,2.5,5.0,2.0,4.0,2.5,4.0,2.0,4.0,4.0,4.0,5.0,2.5,2.5,5.0,5.0,2.5,4.0,4.5,2.5,4.5,5.0,4.0,2.5,3.5,4.5,2.5,2.5,2.5,2.5,2.5,4.0,4.5,2.5,2.5,3.5,2.5,3.5,3.5,3.5,2.5,3.0,2.5,3.0,4.0,2.5,5.0,2.5,2.5,3.0,4.0,2.5
4.5,2.5,2.5,4.5,2.5,2.5,2.5,2.5,2.5,4.0,4.5,2.5,2.5,2.5,2.5,2.5,2.5,2.5,2.5,2.5,2.5,2.5,2.5,2.5,2.5,2.5,2.5,2.5,2.5,2.5,2.5,3.5,2.5,2.5,2.5,2.5,2.5,2.5,2.5,3.5,2.5,2.5,3.5,2.5,2.5,4.0,2.5,2.5,2.5,2.5,2.5,4.5,2.5,2.5,2.5,2.5,2.5,4.5,2.5,2.5,2.5,2.5,4.5,3.5,2.5,2.5,3.5
4.5,4.0,2.5,4.5,2.5,4.5,4.0,4.0,4.5,4.5,2.5,2.5,3.5,2.5,2.5,4.0,5.0,2.5,4.5,4.5,3.5,4.0,2.5,3.0,3.5,5.0,2.5,5.0,2.5,5.0,2.5,2.5,2.5,2.5,2.5,2.5,2.5,4.5,4.5,5.0,2.5,2.5,4.0,4.5,4.5,3.0,4.5,5.0,2.5,4.0,4.5,4.5,4.5,4.5,4.0,2.5,4.5,4.5,4.5,2.5,4.0,2.5,5.0,4.0,3.0,2.5,5.0
2.5,2.5,5.0,2.5,5.0,4.0,2.5,5.0,2.5,4.5,5.0,2.5,4.0,2.5,2.5,2.5,4.0,2.5,2.5,2.5,2.5,4.0,2.5,2.5,2.5,2.5,4.5,2.5,4.0,2.5,2.5,2.5,2.5,2.5,2.5,2.5,2.5,2.5,2.5,2.5,2.5,2.5,3.0,4.0,2.5,1.0,4.5,4.5,2.5,2.5,2.5,5.0,2.5,5.0,3.5,2.5,4.5,3.5,2.5,4.5,3.5,4.5,5.0,4.0,5.0,5.0,4.0
2.5,2.5,2.5,3.5,1.5,2.5,2.5,2.5,2.5,2.5,2.5,2.5,2.5,2.5,2.5,2.5,4.0,2.5,2.5,2.5,2.5,2.5,4.5,1.0,2.5,2.5,2.5,2.5,2.5,4.0,2.5,3.5,2.5,2.5,2.5,2.5,2.5,2.5,2.5,3.0,2.5,4.0,2.5,3.5,2.5,2.5,3.5,2.5,2.5,2.5,2.5,2.0,2.5,4.0,2.5,0.5,2.5,1.5,2.5,4.0,2.5,4.0,2.5,2.5,2.5,2.5,2.5
4.5,5.0,3.5,2.5,5.0,3.0,5.0,5.0,5.0,5.0,3.0,2.0,3.0,3.0,3.0,2.0,5.0,4.0,4.0,4.0,3.0,5.0,4.0,1.0,1.0,2.5,3.0,2.5,5.0,5.0,4.5,4.0,5.0,3.0,4.0,4.5,3.0,3.0,4.5,5.0,5.0,4.0,4.0,4.0,3.5,3.0,3.5,3.0,4.0,2.5,3.0,3.0,2.5,3.5,2.0,3.5,4.5,4.0,4.5,5.0,4.0,3.5,3.5,4.0,4.0,4.0,4.0
4.0,2.5,2.5,4.0,2.5,4.0,5.0,5.0,5.0,2.5,2.5,2.5,2.5,2.5,4.0,2.5,5.0,3.0,2.5,2.5,2.5,4.0,5.0,2.5,2.5,5.0,2.5,4.0,5.0,4.0,5.0,2.5,5.0,2.5,2.5,2.5,4.0,4.0,2.5,4.0,2.5,2.5,2.5,2.5,4.0,2.5,4.0,2.5,2.5,2.5,2.5,4.0,4.0,3.0,2.5,2.5,2.5,2.5,2.5,2.5,2.5,2.5,2.5,2.5,2.5,2.5,2.5
4.0,2.0,2.5,2.5,2.5,2.5,4.0,3.0,5.0,4.5,4.5,2.5,3.5,4.0,4.0,4.0,2.5,3.5,4.0,4.0,3.5,3.0,2.0,2.5,4.5,4.0,4.0,2.5,4.5,4.0,4.0,2.5,4.0,2.5,2.5,4.0,3.0,4.0,2.5,4.0,4.5,2.5,4.0,2.5,2.5,4.0,4.0,4.0,4.0,3.0,4.0,4.0,2.5,2.0,3.0,3.0,2.5,4.0,4.0,3.5,4.0,3.5,3.5,4.0,2.5,3.5,3.5
2.5,2.5,2.0,3.0,2.5,2.5,5.0,4.0,2.5,5.0,2.5,4.0,2.5,2.5,2.5,2.5,2.5,2.5,3.0,2.5,3.0,2.5,4.0,2.5,2.5,5.0,2.5,3.0,2.5,2.5,4.0,4.0,4.0,2.5,2.5,4.0,2.5,2.5,2.5,3.0,3.0,2.5,4.0,2.5,2.5,2.5,2.5,2.5,4.0,1.0,2.5,2.5,3.0,2.5,2.5,2.5,2.5,2.5,2.5,2.5,2.5,2.5,2.5,2.5,2.5,2.5,2.5
2.0,4.0,4.0,3.5,3.0,2.5,4.0,4.5,3.5,3.0,2.5,2.5,2.5,2.5,2.5,4.0,2.5,4.5,2.5,4.0,3.5,2.5,3.0,2.5,2.5,5.0,3.0,4.0,2.5,2.5,4.0,3.0,4.5,4.0,3.5,4.5,4.0,4.0,3.5,3.5,4.0,4.0,3.0,2.5,2.5,2.5,2.5,4.0,3.0,2.5,3.0,2.5,4.0,5.0,3.5,2.5,3.0,2.0,3.0,4.0,2.5,4.0,2.5,2.5,4.0,4.0,2.0
2.5,2.5,4.5,4.5,1.5,2.5,2.5,4.5,2.5,4.0,3.5,2.5,2.5,2.5,4.0,3.0,4.5,2.5,2.5,0.5,2.5,2.5,3.0,2.5,2.5,2.5,2.5,2.5,4.0,2.5,2.5,2.5,2.5,2.5,2.5,2.5,2.5,0.5,2.5,2.5,2.5,2.5,2.5,2.5,2.5,1.5,2.5,2.5,2.5,2.5,3.5,2.5,4.0,2.5,4.5,2.5,4.0,4.0,2.5,2.5,2.5,2.5,4.5,4.0,4.5,2.5,4.0
5.0,4.0,2.5,2.5,5.0,5.0,5.0,5.0,4.0,5.0,2.0,2.5,3.0,4.0,5.0,4.0,5.0,4.0,4.0,5.0,2.5,4.0,2.5,4.0,4.0,2.5,4.0,2.5,5.0,4.0,5.0,5.0,5.0,4.0,2.5,5.0,4.0,5.0,5.0,5.0,5.0,4.0,5.0,4.0,4.0,5.0,5.0,4.0,5.0,2.5,2.5,2.0,2.0,2.5,2.5,2.5,2.5,2.5,2.5,2.5,2.5,2.5,2.5,2.5,2.5,2.5,2.5
2.5,5.0,4.0,5.0,2.5,2.5,5.0,5.0,5.0,4.5,2.5,2.5,4.0,3.0,4.0,2.0,5.0,4.0,2.5,5.0,2.5,5.0,3.5,4.0,4.5,5.0,4.0,5.0,2.5,2.5,5.0,4.5,3.0,3.5,5.0,5.0,4.0,3.5,2.5,5.0,2.5,2.5,2.5,4.0,4.0,3.5,4.0,5.0,2.0,2.5,4.0,4.0,5.0,4.5,5.0,2.5,3.5,2.5,2.5,5.0,2.5,5.0,5.0,2.5,5.0,5.0,3.0
2.5,2.5,2.5,2.5,2.5,2.5,2.5,2.5,2.5,2.5,2.5,2.5,2.5,2.5,2.5,2.5,2.5,2.5,2.5,2.5,2.5,2.5,2.5,2.5,2.5,2.5,2.5,2.5,2.5,2.5,2.5,2.5,2.5,2.5,2.5,2.5,2.5,2.5,2.5,2.5,2.5,2.5,2.5,2.5,2.5,2.5,2.5,2.5,2.5,2.5,2.5,3.0,2.5,2.5,2.5,2.5,2.5,3.0,3.0,2.5,2.5,2.5,4.0,2.5,2.5,2.5,3.5
4.0,3.5,4.0,4.5,3.5,2.0,3.5,4.5,4.5,4.0,3.0,1.5,1.0,2.5,3.0,3.5,4.5,3.5,4.0,2.5,4.0,4.5,3.0,2.0,2.0,4.5,3.0,4.0,3.0,3.5,3.0,3.5,4.0,2.5,3.5,3.0,2.0,2.5,3.0,4.0,3.5,2.5,2.0,4.0,3.0,2.0,2.5,3.5,4.0,3.5,3.0,2.5,4.0,4.0,3.5,3.5,4.0,2.5,3.0,3.0,4.0,3.0,3.0,3.0,3.5,3.0,3.0
2.5,2.5,2.5,2.5,1.0,2.5,2.5,2.5,1.0,2.5,3.0,2.5,2.5,2.5,3.0,2.5,1.0,2.5,2.5,1.0,2.5,2.5,2.5,2.5,2.5,1.5,1.0,1.0,2.5,4.0,2.5,4.5,1.0,1.0,2.5,2.5,2.5,2.5,2.5,2.5,0.5,2.5,2.5,2.5,2.5,2.5,0.5,3.0,2.5,2.5,2.5,0.5,2.5,0.5,1.0,2.5,1.0,2.5,4.0,3.5,2.5,4.0,4.0,3.5,2.5,3.5,4.0
2.5,2.5,2.5,4.5,2.5,2.5,2.5,3.5,4.0,2.5,2.5,2.5,2.5,2.5,2.5,2.5,4.0,2.5,2.5,2.5,2.5,2.5,2.5,2.5,2.5,2.5,2.5,4.0,2.5,2.5,2.5,2.5,4.0,2.5,2.5,2.5,2.5,2.5,4.5,2.5,2.5,2.5,2.5,4.0,2.5,2.5,4.5,4.0,2.5,2.5,2.5,3.5,2.5,2.5,2.5,2.5,2.5,2.5,4.0,4.5,2.5,4.0,2.5,2.5,2.5,4.5,2.5
2.5,4.0,2.5,2.5,4.0,2.5,5.0,2.5,2.5,4.0,2.5,2.5,2.5,2.5,4.0,3.0,5.0,5.0,2.5,4.0,2.5,2.5,4.0,2.5,2.0,2.5,3.0,4.0,5.0,2.5,5.0,2.5,2.5,4.0,5.0,5.0,4.0,4.0,2.5,2.5,2.5,2.5,2.5,2.5,2.5,2.5,4.0,3.0,3.0,2.5,4.0,4.0,2.5,2.5,2.5,3.0,2.5,2.5,2.5,2.5,3.0,5.0,2.5,2.5,2.5,2.5,2.5
2.5,4.0,5.0,5.0,2.5,2.5,3.0,5.0,3.0,2.5,2.5,2.0,2.0,5.0,2.0,3.0,2.5,5.0,2.5,5.0,5.0,5.0,4.0,1.0,3.0,5.0,4.0,5.0,2.0,2.0,4.0,3.0,5.0,5.0,2.5,3.0,4.0,5.0,4.0,2.0,4.0,2.5,4.0,2.5,2.5,2.5,5.0,5.0,2.0,2.5,2.0,4.0,4.0,5.0,5.0,3.0,4.0,2.5,2.5,5.0,4.0,2.5,2.5,2.5,2.5,2.5,2.5
3.0,3.0,1.0,4.0,4.0,4.0,5.0,1.0,5.0,4.0,4.0,3.0,3.0,2.0,3.0,3.0,5.0,2.5,3.0,5.0,3.0,3.0,2.5,3.0,3.0,2.5,2.5,2.5,2.5,2.5,2.5,2.5,2.5,2.5,2.5,2.5,2.5,2.5,4.0,2.5,2.5,2.5,2.5,2.5,2.5,2.5,2.5,2.5,2.5,2.5,2.5,2.5,2.5,2.5,2.5,2.5,2.5,2.5,2.5,2.5,2.5,2.5,2.5,2.5,2.5,2.5,2.5
2.5,4.0,5.0,5.0,5.0,3.0,4.0,5.0,4.0,5.0,2.5,2.5,2.5,2.5,3.0,2.5,2.5,2.5,2.5,4.0,2.5,5.0,5.0,2.5,2.5,5.0,2.5,5.0,2.5,2.5,2.5,2.5,2.5,4.0,2.5,2.5,2.5,2.5,2.5,2.5,2.5,2.5,2.5,2.5,5.0,2.5,5.0,4.0,2.5,2.5,2.5,2.0,5.0,5.0,3.0,2.5,2.5,4.0,2.5,2.5,2.5,2.5,2.5,2.5,5.0,2.5,2.0
2.5,4.5,4.0,2.5,2.5,2.5,3.0,4.5,4.0,4.5,4.5,2.5,3.5,2.5,2.5,4.0,4.0,3.5,2.5,2.5,2.5,4.0,4.0,3.0,4.0,2.5,4.0,4.0,3.5,3.5,3.0,2.5,2.5,2.5,3.5,4.0,2.5,2.5,4.0,2.5,2.5,4.0,4.0,4.5,2.5,2.5,3.5,3.5,3.0,2.5,2.5,2.5,3.5,2.5,2.5,2.5,4.0,3.5,3.5,4.0,2.5,3.5,2.5,3.5,3.0,3.5,2.5
3.5,2.5,4.0,4.0,3.5,4.0,2.5,5.0,4.0,3.5,2.5,2.5,2.5,2.5,2.5,3.5,2.5,2.5,2.5,2.5,2.5,2.5,4.5,2.5,3.0,1.5,2.5,2.5,2.5,5.0,2.5,2.5,2.5,2.5,3.0,2.5,2.5,2.5,4.0,2.5,2.5,2.5,3.5,3.5,2.5,1.0,2.5,4.0,2.5,2.5,2.5,4.0,4.5,4.0,4.0,2.5,3.5,2.0,2.5,3.5,2.5,2.5,2.5,2.5,4.0,2.5,2.5
2.5,4.0,2.5,2.5,2.5,2.5,2.5,5.0,5.0,2.0,2.5,2.5,2.5,2.0,2.5,2.5,2.5,5.0,2.5,2.5,2.5,5.0,2.5,2.5,2.5,5.0,4.0,2.5,2.5,2.5,4.0,3.0,2.5,2.5,2.5,2.5,2.5,2.5,2.5,4.0,2.5,3.0,2.5,3.0,2.5,4.0,2.5,2.5,2.0,2.5,4.0,4.0,2.5,2.5,2.5,2.5,4.0,2.5,2.5,5.0,4.0,2.5,2.5,2.5,2.5,2.5,2.5
2.5,2.5,4.0,2.0,5.0,2.5,2.5,4.0,4.5,5.0,2.5,2.5,2.5,2.5,2.5,2.5,4.5,2.5,2.5,2.5,2.5,4.5,2.5,3.0,2.5,2.5,2.5,2.5,2.5,2.5,2.5,2.5,2.5,2.5,2.5,2.5,2.5,2.5,2.5,2.5,2.5,2.5,2.5,2.5,2.5,2.5,3.5,3.5,2.5,2.5,2.5,2.5,3.5,4.0,5.0,2.5,3.5,2.5,2.5,4.0,2.5,4.0,2.5,2.5,5.0,4.0,2.5
5.0,2.5,4.5,4.0,1.0,3.0,5.0,5.0,5.0,3.0,1.5,2.5,2.5,2.5,2.5,2.0,5.0,2.5,3.5,1.0,2.0,2.5,5.0,2.5,2.5,5.0,1.0,5.0,5.0,5.0,5.0,4.0,5.0,4.0,4.5,4.0,2.5,2.5,3.0,4.0,4.0,2.5,2.5,3.5,2.5,2.5,2.5,2.0,2.5,2.5,2.5,2.0,2.5,5.0,2.5,0.5,2.5,4.5,2.5,2.5,4.0,4.0,2.5,3.5,2.5,4.0,5.0
4.0,5.0,3.0,5.0,3.5,3.0,4.0,4.0,4.5,5.0,3.0,1.0,0.5,3.0,2.5,2.0,2.5,2.0,3.0,3.5,4.0,5.0,4.0,2.5,2.5,4.0,2.5,2.5,4.0,4.5,5.0,4.5,3.5,4.0,4.0,5.0,4.0,2.5,4.5,4.0,3.5,4.0,4.0,3.5,2.5,3.5,3.5,3.5,3.0,3.5,4.0,4.0,4.5,4.0,4.0,4.0,5.0,4.5,5.0,3.5,3.0,4.0,4.5,2.5,5.0,4.0,4.5
2.5,2.5,2.5,5.0,2.5,2.5,2.5,5.0,5.0,2.5,2.5,2.5,2.5,2.5,2.5,2.5,2.5,2.5,2.5,2.5,2.5,5.0,5.0,2.5,2.5,5.0,2.5,2.5,2.5,4.5,2.5,2.5,2.5,2.5,2.5,2.5,2.5,2.5,2.5,2.5,2.5,2.5,2.5,2.5,2.5,2.5,2.5,2.5,2.5,2.5,2.5,2.5,2.5,4.0,4.5,2.5,2.5,3.0,3.0,4.5,2.0,4.5,4.0,3.0,4.0,4.5,4.0
4.0,2.5,4.0,4.0,3.5,3.5,2.5,4.0,4.5,4.5,2.5,4.0,3.5,2.5,2.5,3.5,4.0,5.0,2.5,3.5,2.5,4.5,4.0,2.5,2.0,2.5,2.5,4.0,3.5,2.5,4.5,2.5,2.5,4.0,4.0,3.5,4.5,4.0,5.0,4.0,4.0,2.5,2.5,4.5,2.5,2.5,4.0,5.0,2.5,2.5,2.5,4.5,4.5,4.5,3.5,3.5,5.0,4.5,2.5,4.0,2.5,4.0,2.5,4.5,4.0,4.0,3.5
3.5,2.5,2.0,2.5,2.5,2.5,4.0,4.0,3.5,4.0,4.0,2.5,3.0,2.5,2.5,3.0,2.5,2.5,2.5,4.0,2.5,2.5,2.5,2.5,2.5,2.5,2.5,2.5,2.5,4.0,4.0,2.5,3.5,2.5,2.5,3.5,3.5,3.5,4.0,3.5,3.5,4.0,3.5,2.5,2.5,2.5,2.5,4.0,3.0,2.5,2.5,4.0,2.5,3.5,4.0,3.5,3.5,4.5,3.5,3.5,2.5,3.5,4.0,2.5,2.5,3.5,3.5
4.0,3.0,4.5,2.5,2.5,4.0,2.5,2.5,4.0,4.0,4.0,2.5,2.5,2.5,4.0,4.0,5.0,5.0,2.5,2.5,2.5,5.0,5.0,4.0,2.5,4.5,2.5,2.5,3.5,2.5,2.5,2.5,5.0,2.5,5.0,2.5,4.0,2.5,5.0,4.0,4.0,2.5,2.0,4.5,2.5,4.0,5.0,2.5,2.5,2.5,2.5,4.5,5.0,4.0,5.0,2.5,4.5,4.0,4.0,3.5,2.5,4.0,4.0,3.0,2.5,4.0,4.0
2.5,2.5,3.5,4.0,2.5,2.5,2.5,3.5,2.5,2.5,2.5,2.5,2.5,2.5,2.5,2.5,3.5,2.5,2.5,2.5,2.5,2.5,3.0,2.5,2.5,4.0,2.5,2.5,2.5,2.5,2.5,2.5,2.5,2.5,4.0,2.5,2.5,2.5,2.5,2.5,2.5,2.5,2.5,2.5,3.5,2.5,2.5,2.5,2.5,2.0,2.5,3.5,4.5,3.5,2.5,2.5,2.5,2.5,2.5,2.5,2.5,2.5,2.5,2.5,4.0,2.5,2.5
2.5,2.5,4.5,2.5,2.5,2.5,2.5,4.5,2.5,4.5,2.5,2.5,2.5,2.5,2.5,4.0,2.5,2.5,2.5,2.5,2.5,4.5,2.5,2.5,2.5,2.5,2.5,2.5,2.5,2.5,2.5,2.5,2.5,2.5,2.5,2.5,2.5,2.5,2.5,2.5,2.5,2.5,2.5,2.5,4.5,4.0,2.5,4.0,2.5,2.5,2.5,4.0,2.5,4.0,2.5,2.5,4.0,2.5,2.5,4.0,2.5,4.0,3.0,4.0,3.0,4.0,2.5
2.5,2.5,5.0,5.0,2.5,2.5,4.0,5.0,5.0,5.0,2.5,2.5,2.5,2.5,2.5,2.5,5.0,4.5,2.5,2.5,2.5,4.0,2.5,2.5,2.5,2.5,2.5,5.0,2.5,2.5,4.0,2.5,4.0,4.0,3.5,2.5,5.0,2.5,2.5,2.5,2.5,3.5,2.5,3.0,3.5,4.0,4.5,4.5,3.5,1.5,2.5,4.0,5.0,5.0,4.0,3.0,5.0,3.0,2.5,5.0,2.5,5.0,2.5,4.0,2.5,5.0,2.5
2.5,4.0,4.0,4.5,2.5,4.0,4.0,4.5,4.5,4.5,2.5,2.5,4.0,4.0,3.5,4.0,4.0,2.5,3.5,4.5,4.0,4.0,2.5,4.0,3.5,4.0,4.0,4.0,4.0,2.5,4.0,2.5,2.5,2.5,2.5,4.0,4.0,4.0,4.0,4.0,2.5,4.0,3.5,4.5,4.0,4.0,3.5,4.0,3.5,2.5,4.0,3.5,4.0,4.5,3.5,4.0,2.5,4.0,2.5,2.5,4.0,2.5,2.5,2.5,4.5,2.5,4.0
2.5,2.5,2.5,3.5,2.5,2.5,2.5,2.5,4.5,4.0,2.5,2.5,2.5,3.0,4.5,2.5,2.5,4.5,2.5,2.5,2.5,2.5,2.5,2.5,2.5,2.5,3.0,5.0,2.5,4.0,2.5,4.0,4.0,2.5,4.0,2.5,2.5,2.5,4.0,5.0,4.5,5.0,2.5,3.0,4.5,2.5,4.0,4.0,2.5,2.5,5.0,4.0,4.0,5.0,4.0,3.5,5.0,2.5,2.5,3.5,3.5,3.5,2.5,3.0,2.5,3.5,2.5
5.0,2.5,2.5,5.0,4.0,3.5,4.0,4.5,4.0,3.5,3.5,2.5,2.5,2.5,2.5,4.0,5.0,2.5,4.5,3.5,3.0,4.5,4.0,2.5,4.0,5.0,2.5,3.0,3.5,4.5,4.5,4.5,4.0,2.5,4.0,4.0,2.5,2.5,4.5,4.0,3.5,2.5,3.5,3.5,5.0,4.0,4.5,2.5,3.0,3.0,4.0,5.0,3.5,4.5,4.5,2.5,2.5,4.0,4.0,2.5,2.5,2.5,4.5,2.5,2.5,3.5,4.0
2.5,2.5,4.5,3.5,4.0,2.5,4.5,5.0,4.5,4.5,2.5,4.0,2.5,2.5,2.5,2.5,2.5,2.5,2.5,4.0,4.5,5.0,5.0,2.5,2.5,5.0,2.5,4.5,2.5,2.5,4.5,2.5,2.5,2.5,5.0,2.5,2.5,2.5,2.5,2.5,2.5,2.5,2.5,4.0,2.5,2.5,2.5,4.5,4.0,2.5,2.5,2.5,2.5,4.5,4.0,2.5,2.5,4.0,2.5,5.0,4.0,5.0,4.0,4.0,4.5,5.0,4.0
2.5,2.5,2.5,2.5,2.5,2.5,3.0,2.5,4.5,4.5,2.5,2.5,2.5,2.5,2.5,2.5,2.5,1.0,2.5,2.5,2.5,0.5,2.5,2.5,2.5,2.5,2.5,2.5,2.5,2.5,4.0,1.5,2.5,2.5,2.5,2.5,2.5,2.5,2.5,2.5,2.5,2.0,2.5,2.5,5.0,2.5,2.5,2.5,2.5,2.5,3.0,2.5,1.0,2.5,1.5,3.5,0.5,1.5,4.0,3.5,3.0,3.0,2.5,3.5,2.5,3.0,2.0
5.0,2.5,2.5,2.5,2.5,4.0,5.0,2.5,5.0,5.0,2.5,2.5,2.5,2.5,2.5,2.5,3.0,2.5,2.5,2.5,2.5,5.0,2.5,2.5,2.5,5.0,2.5,2.5,5.0,3.0,4.0,2.5,5.0,2.5,2.5,2.5,2.5,2.5,4.0,4.0,2.5,2.5,4.0,2.5,5.0,2.5,2.5,2.5,2.5,2.5,5.0,5.0,2.5,2.5,2.5,5.0,2.5,5.0,2.5,2.5,2.5,2.5,2.5,2.5,2.5,2.5,2.5
2.5,2.5,4.0,4.0,4.0,2.5,4.0,5.0,2.5,4.0,2.5,3.0,3.0,3.0,3.0,4.0,5.0,2.5,2.5,3.0,3.0,4.0,4.0,3.0,2.0,5.0,4.0,4.0,2.5,2.5,3.0,5.0,4.0,5.0,2.5,4.0,4.0,4.0,2.5,2.5,2.0,3.0,3.0,2.5,2.5,2.5,5.0,4.0,2.5,2.5,2.5,4.0,4.0,2.5,3.0,2.5,2.5,2.5,2.5,2.5,2.5,2.5,2.5,2.5,2.5,2.5,2.5
2.5,2.5,3.5,2.5,2.5,3.0,3.5,2.5,2.5,2.5,2.5,2.5,2.0,2.5,2.5,2.5,2.5,2.5,2.5,2.5,2.5,2.5,2.5,2.5,2.5,2.5,2.5,2.5,2.5,3.5,4.0,2.5,2.5,2.5,2.5,2.5,2.5,2.5,2.5,2.5,2.5,2.5,1.0,4.0,2.5,1.5,2.5,4.5,2.5,2.5,3.0,2.5,2.5,4.5,2.5,2.5,4.5,2.5,2.5,2.5,2.5,2.5,2.5,2.5,3.5,2.5,2.5
3.0,4.0,5.0,5.0,4.0,3.0,4.0,4.0,5.0,3.0,4.0,2.5,5.0,5.0,5.0,2.5,5.0,4.0,4.0,4.0,3.0,4.0,5.0,2.5,2.5,5.0,5.0,5.0,4.0,3.0,4.0,4.0,5.0,5.0,2.0,5.0,5.0,3.0,4.0,5.0,5.0,2.5,2.5,2.5,2.5,2.5,2.5,2.5,2.5,2.5,2.5,2.5,2.5,2.5,2.5,2.5,2.5,2.5,2.5,2.5,2.5,2.5,2.5,2.5,2.5,2.5,2.5
3.0,4.0,5.0,5.0,4.0,2.0,2.5,5.0,5.0,4.0,5.0,1.0,2.0,2.5,3.0,4.0,5.0,2.5,2.5,3.0,3.0,5.0,2.5,4.0,2.5,2.5,2.5,2.5,2.5,2.5,2.5,2.5,2.5,2.5,2.5,2.5,2.5,2.5,2.5,2.5,2.5,2.5,2.5,2.5,2.5,2.5,2.5,2.5,2.5,2.5,2.5,2.5,2.5,2.5,2.5,2.5,2.5,2.5,2.5,2.5,2.5,2.5,2.5,2.5,2.5,2.5,2.5
2.5,5.0,2.5,2.5,3.5,5.0,4.0,2.5,2.5,3.5,2.5,2.5,2.5,3.5,4.0,4.0,4.5,5.0,2.5,5.0,2.5,2.5,2.5,5.0,4.0,4.0,2.5,2.5,3.5,2.5,4.0,4.0,4.0,3.5,2.5,4.5,5.0,4.0,4.0,4.5,4.0,2.0,4.0,2.5,2.5,3.5,2.5,3.5,4.5,2.0,4.5,4.0,2.5,2.5,2.5,2.5,5.0,4.0,2.5,4.5,2.5,3.5,2.5,2.5,2.5,4.0,3.5
2.5,4.5,2.5,2.5,2.5,5.0,2.5,2.5,2.5,2.5,2.5,2.5,2.5,2.5,2.5,2.5,2.5,2.5,2.5,2.5,2.5,2.5,2.5,2.5,2.5,2.5,2.5,2.5,2.5,2.5,2.5,2.5,2.5,4.5,2.5,2.5,5.0,2.5,2.5,2.5,2.5,2.5,2.5,2.5,2.5,2.5,2.5,2.5,2.5,4.0,2.5,2.5,4.5,2.5,2.5,2.5,2.5,2.5,2.5,2.5,2.5,2.5,2.5,2.5,2.5,2.5,2.5
5.0,5.0,5.0,4.0,4.0,2.5,5.0,5.0,3.0,5.0,5.0,5.0,5.0,5.0,4.0,5.0,2.5,5.0,5.0,5.0,3.0,5.0,4.0,4.0,4.0,4.0,5.0,4.0,4.0,5.0,5.0,3.5,5.0,5.0,2.5,5.0,5.0,5.0,5.0,5.0,5.0,4.0,5.0,4.0,2.5,2.0,5.0,4.5,4.0,3.0,5.0,5.0,2.5,4.0,4.0,5.0,5.0,5.0,5.0,5.0,4.0,5.0,4.0,5.0,4.0,5.0,4.0
3.5,3.5,2.0,4.5,2.5,3.5,3.5,2.5,3.5,4.0,4.0,1.0,4.0,3.5,4.0,4.0,2.5,2.5,4.0,2.5,2.5,2.5,3.5,3.0,4.0,2.5,2.0,2.5,4.0,4.0,3.5,4.0,4.0,2.5,2.5,3.5,2.5,2.5,3.5,4.0,3.5,2.0,4.0,3.5,4.5,3.5,2.5,5.0,3.5,3.0,4.0,5.0,2.5,5.0,2.5,4.0,4.5,4.0,4.0,4.0,3.5,4.0,5.0,3.5,2.5,4.0,4.5
4.5,2.5,2.5,5.0,2.5,4.0,5.0,5.0,5.0,4.5,2.5,2.5,2.5,2.5,2.5,2.5,5.0,2.5,5.0,2.5,2.5,5.0,2.5,2.5,2.5,5.0,2.5,2.5,2.5,2.5,5.0,2.5,5.0,2.5,2.5,4.5,5.0,2.5,5.0,2.5,2.5,2.5,2.5,2.5,2.5,5.0,4.5,5.0,3.5,2.5,2.5,2.5,2.5,5.0,2.5,2.5,5.0,2.5,2.5,5.0,2.5,5.0,2.5,2.5,2.5,5.0,2.5
4.0,4.0,2.5,3.0,2.5,5.0,4.0,4.0,5.0,4.0,3.0,3.0,2.5,3.0,4.0,4.0,2.5,5.0,4.0,5.0,3.0,3.0,5.0,2.5,3.0,5.0,3.0,2.5,3.0,4.0,5.0,4.0,5.0,4.0,5.0,4.0,2.5,4.0,5.0,4.0,5.0,4.0,2.5,2.5,2.5,2.5,2.5,2.5,2.5,2.5,2.5,2.5,2.5,2.5,2.5,2.5,2.5,2.5,2.5,2.5,2.5,2.5,2.5,2.5,2.5,2.5,2.5
2.5,3.5,4.5,4.5,3.5,2.5,4.5,5.0,3.5,4.0,3.0,3.0,2.5,2.0,2.5,3.0,2.5,4.5,2.5,3.5,4.0,4.0,4.0,3.0,2.0,4.5,3.0,4.5,3.5,4.5,4.5,4.0,4.0,3.5,5.0,4.0,4.0,4.0,3.5,2.0,3.5,3.5,2.5,3.0,4.0,2.5,2.5,4.0,2.5,3.0,3.0,2.5,4.5,4.5,3.0,2.5,4.5,2.5,2.5,3.0,2.5,2.5,2.5,3.5,4.0,2.5,2.5
3.0,4.0,3.0,4.0,5.0,4.0,5.0,5.0,5.0,5.0,2.5,2.5,2.0,2.0,4.0,2.0,5.0,5.0,2.5,4.0,4.0,3.0,5.0,3.0,1.0,5.0,5.0,5.0,5.0,5.0,5.0,5.0,2.5,3.0,5.0,4.0,4.0,4.0,4.0,4.0,4.0,2.0,2.0,4.0,3.0,2.5,2.0,5.0,1.0,5.0,4.0,2.0,4.0,4.0,1.0,2.0,5.0,4.0,3.0,5.0,3.0,2.5,2.5,2.5,2.5,2.5,2.5
2.5,2.5,2.5,2.5,4.0,2.5,2.5,2.5,2.5,2.5,2.5,2.5,2.5,2.5,5.0,2.5,2.5,0.5,2.5,0.5,2.5,2.5,2.5,2.5,2.5,2.5,2.5,5.0,2.5,2.5,2.5,2.5,5.0,2.5,5.0,2.5,3.0,0.5,2.5,2.5,5.0,2.5,2.5,4.0,2.5,2.5,2.5,5.0,2.5,2.5,2.5,2.5,2.5,5.0,4.0,5.0,5.0,2.5,2.5,5.0,5.0,5.0,2.5,5.0,5.0,5.0,2.5
2.5,4.5,2.5,2.5,4.0,2.5,2.5,4.5,2.5,2.5,2.5,2.5,2.5,2.5,2.5,2.5,2.5,4.5,2.5,2.5,2.5,2.5,2.5,2.5,2.5,2.5,2.5,4.0,2.5,2.5,2.5,2.5,2.5,2.5,4.5,2.5,4.0,2.5,2.5,2.5,2.5,2.5,2.5,2.5,2.5,2.5,2.5,4.5,2.5,2.5,2.5,2.5,2.5,4.0,2.5,2.5,4.5,2.5,2.5,2.5,2.5,2.5,2.5,2.5,2.5,2.5,2.5
2.5,2.5,2.5,2.5,2.5,2.5,4.0,2.5,4.5,2.5,2.5,2.5,2.5,2.5,2.5,2.5,2.5,2.5,2.5,2.5,2.5,2.5,2.5,2.5,2.5,2.5,4.0,2.5,2.5,2.5,4.0,2.5,5.0,2.5,2.5,4.0,2.5,2.5,5.0,2.5,5.0,2.5,2.5,2.5,4.0,2.5,2.5,4.5,2.5,2.5,2.5,2.5,2.5,2.5,4.5,2.5,2.5,2.5,2.5,5.0,2.5,5.0,2.5,2.5,2.5,5.0,2.5
2.5,2.5,2.5,2.5,2.5,2.5,4.0,5.0,4.0,2.5,2.5,2.5,2.5,2.5,2.5,2.5,2.5,2.5,2.5,2.5,2.5,4.0,5.0,2.5,2.5,5.0,2.5,2.5,2.5,5.0,2.5,5.0,2.5,2.5,2.5,2.5,2.5,2.5,4.0,2.5,2.5,2.5,2.5,2.5,2.5,2.5,2.0,2.5,2.5,4.0,3.0,2.0,5.0,2.5,2.5,2.5,2.5,2.5,2.5,2.5,2.5,2.5,2.5,2.5,2.5,2.5,2.5
2.5,2.5,2.5,2.5,2.5,2.5,3.0,2.0,5.0,2.5,2.5,2.5,2.5,2.5,2.5,2.5,4.0,2.5,2.5,2.5,2.5,3.0,2.5,2.5,2.5,2.5,2.5,2.5,2.5,2.5,2.5,2.5,2.5,2.5,4.0,2.5,2.5,2.5,2.5,2.5,2.5,2.5,2.5,2.5,2.5,2.5,2.5,2.5,2.5,2.5,2.5,2.5,3.0,2.5,2.5,2.5,2.5,2.5,2.5,2.5,2.5,2.5,2.5,2.5,2.5,2.5,2.5
5.0,2.5,4.0,3.0,4.0,5.0,2.5,5.0,4.0,5.0,4.0,2.0,3.0,4.0,4.0,5.0,5.0,2.5,2.5,3.0,3.0,5.0,2.5,5.0,2.5,2.5,2.5,2.5,2.5,2.5,2.5,2.5,2.5,2.5,2.5,2.5,2.5,2.5,2.5,2.5,2.5,2.5,2.5,2.5,2.5,2.5,2.5,2.5,2.5,2.5,2.5,2.5,2.5,2.5,2.5,2.5,2.5,2.5,2.5,2.5,2.5,2.5,2.5,2.5,2.5,2.5,2.5
2.0,2.5,3.0,2.5,2.5,2.5,2.5,2.5,2.5,2.5,2.5,2.5,2.5,2.5,4.0,2.5,2.5,2.5,2.5,2.5,2.5,4.0,4.0,2.5,2.5,5.0,3.0,2.0,2.5,5.0,2.5,5.0,2.5,2.5,2.5,2.5,4.0,2.5,2.5,2.5,2.5,2.5,2.5,2.5,2.5,2.5,2.5,3.0,4.0,2.5,2.5,3.0,5.0,2.5,2.5,2.5,2.5,2.5,2.5,2.5,2.5,2.5,2.5,2.5,2.5,2.5,2.5
4.0,5.0,4.0,5.0,5.0,4.0,5.0,5.0,5.0,5.0,4.0,4.0,4.0,4.0,5.0,4.0,4.0,5.0,4.0,5.0,4.0,4.0,5.0,4.0,4.0,5.0,5.0,5.0,4.0,5.0,5.0,5.0,5.0,5.0,5.0,5.0,5.0,5.0,4.0,5.0,4.0,5.0,4.0,4.0,5.0,4.0,5.0,5.0,4.0,4.0,5.0,3.0,5.0,5.0,5.0,4.0,5.0,4.0,4.0,5.0,5.0,5.0,4.5,4.5,4.0,4.0,4.0
2.5,2.5,4.0,4.0,4.0,2.5,2.5,5.0,5.0,4.5,2.5,2.5,4.0,2.5,2.5,3.5,5.0,2.5,2.5,2.5,2.5,3.0,2.5,2.5,4.5,5.0,4.5,5.0,0.5,2.5,2.5,2.5,2.5,2.5,4.5,2.5,2.5,3.5,2.5,2.5,2.5,2.5,2.5,2.5,3.0,2.5,5.0,4.0,2.5,2.5,2.5,4.0,4.0,5.0,4.0,2.5,3.0,2.5,2.5,2.5,2.5,2.5,2.5,2.5,2.5,2.5,2.5
4.0,3.5,2.5,2.5,2.5,2.5,2.5,4.0,4.5,4.0,4.5,2.5,2.5,2.5,2.5,3.5,4.5,3.5,4.0,2.5,2.5,2.5,2.5,2.5,2.5,2.5,2.5,2.5,2.5,5.0,2.5,2.5,2.5,2.5,4.0,2.5,2.5,2.5,2.5,3.5,2.5,3.5,3.5,2.5,2.5,4.0,2.5,4.5,2.5,4.5,3.5,4.0,4.0,4.0,2.5,4.0,2.5,4.0,3.0,4.5,3.5,4.5,2.5,4.0,4.0,4.5,2.5
2.5,3.5,5.0,5.0,2.5,2.5,2.5,4.5,3.5,2.5,4.5,3.0,2.5,2.5,2.5,2.5,2.5,2.5,2.5,2.0,2.5,4.0,3.5,2.5,2.5,3.0,2.5,3.5,2.5,2.5,2.5,2.5,2.5,2.5,2.5,2.5,2.5,2.5,2.5,2.5,2.5,2.5,2.5,3.5,4.0,2.5,2.5,2.0,2.5,2.5,2.5,2.0,2.5,4.5,2.5,2.5,4.5,2.5,2.5,2.5,2.5,2.5,2.5,2.5,3.0,2.5,2.5
2.5,4.0,4.5,4.5,4.0,3.0,3.0,4.0,5.0,5.0,3.0,2.5,3.5,2.5,3.5,3.5,4.0,2.5,3.0,3.5,3.5,4.0,2.5,3.5,3.5,3.5,3.5,3.5,3.5,3.5,3.0,2.5,4.0,3.5,3.0,3.0,4.0,3.0,2.5,2.5,4.0,4.5,3.5,3.0,4.0,3.5,4.0,3.5,3.0,3.0,2.5,3.5,3.0,4.5,4.5,2.5,3.5,4.0,4.0,4.5,3.0,4.5,4.0,3.5,3.5,4.0,4.0
2.5,2.5,2.5,2.5,2.5,2.0,3.5,4.5,2.5,3.0,2.5,2.5,2.5,2.0,2.5,2.0,2.5,3.5,2.0,2.5,3.0,2.5,2.5,2.5,3.0,2.5,2.5,4.0,1.0,3.5,3.5,2.5,2.5,3.5,4.5,3.5,3.5,2.5,2.5,2.5,3.0,4.0,1.5,3.5,2.5,1.0,3.5,4.0,3.5,2.0,2.0,3.5,3.5,4.0,3.0,2.0,2.5,1.0,2.0,3.5,3.0,3.5,2.0,2.5,4.5,3.5,2.5
2.5,2.5,4.0,3.0,4.0,2.5,3.5,2.5,3.0,4.5,5.0,2.5,2.5,2.5,2.5,4.5,4.5,2.5,2.5,3.5,2.5,4.0,2.5,4.0,1.5,4.0,2.0,2.5,3.0,2.5,3.5,2.5,2.5,4.0,4.0,3.5,4.0,3.5,2.5,2.5,2.5,2.5,2.5,2.5,4.5,4.0,2.5,3.5,4.0,0.5,2.5,4.0,3.5,3.5,4.5,4.0,3.5,4.5,4.0,3.5,2.5,4.0,3.5,0.5,2.5,4.0,2.5
4.0,3.5,4.0,2.5,4.5,5.0,5.0,5.0,4.0,4.5,2.5,2.0,2.5,2.5,2.5,5.0,5.0,5.0,4.0,4.5,2.5,4.0,5.0,4.0,2.5,5.0,4.5,4.0,2.5,5.0,5.0,4.0,2.5,5.0,4.5,4.5,5.0,3.5,5.0,3.5,4.5,5.0,3.5,2.5,4.5,3.0,5.0,5.0,0.5,3.5,5.0,5.0,5.0,5.0,3.5,4.5,5.0,3.0,4.5,5.0,3.5,5.0,4.0,2.5,4.0,5.0,4.5
4.0,2.5,2.5,2.5,2.5,4.0,2.5,2.5,4.0,4.0,4.0,3.0,4.0,3.0,5.0,3.0,5.0,2.5,3.0,4.0,3.0,3.0,2.5,2.5,2.5,2.5,2.5,2.5,2.5,2.5,2.5,2.5,2.5,2.5,2.5,2.5,2.5,2.5,2.5,2.5,2.5,2.5,2.5,2.5,2.5,2.5,2.5,2.5,2.5,2.5,2.5,2.5,2.5,2.5,2.5,2.5,2.5,2.5,2.5,2.5,2.5,2.5,2.5,2.5,2.5,2.5,2.5
2.5,4.0,4.0,4.0,4.0,4.0,5.0,5.0,5.0,3.0,2.5,2.5,2.5,2.5,2.5,2.5,5.0,2.5,2.5,2.5,3.0,2.5,5.0,3.0,3.0,2.5,2.5,2.5,3.0,2.5,2.5,4.0,2.5,2.5,4.0,5.0,2.5,2.5,5.0,4.0,4.0,2.5,2.5,2.5,2.5,2.5,2.5,2.5,2.5,2.5,2.5,2.5,2.5,2.5,2.5,2.5,2.5,2.5,2.5,2.5,2.5,2.5,2.5,2.5,2.5,2.5,2.5
4.5,4.0,2.5,2.5,4.5,4.0,5.0,2.5,5.0,4.0,4.5,3.0,4.0,5.0,4.0,4.0,4.5,2.5,4.0,5.0,4.0,2.5,2.5,4.0,3.5,2.5,4.0,2.5,2.5,2.5,5.0,2.5,2.5,2.5,2.5,5.0,2.5,4.0,4.0,4.0,2.5,4.5,4.0,4.0,4.5,3.0,4.0,5.0,3.0,3.5,2.5,4.0,2.5,3.5,5.0,4.0,4.5,4.5,4.0,3.0,4.0,4.0,4.0,5.0,4.5,4.0,5.0
5.0,2.0,4.0,4.0,2.5,3.0,5.0,5.0,2.5,3.0,2.5,3.0,4.0,3.0,4.0,3.0,2.5,4.0,2.5,3.0,3.0,5.0,4.0,3.0,3.0,5.0,5.0,5.0,4.0,5.0,5.0,2.5,5.0,2.0,4.0,5.0,3.0,3.0,4.0,5.0,4.0,3.0,4.0,3.0,4.0,2.5,2.5,2.0,2.0,4.5,5.0,4.0,4.0,4.0,4.0,4.0,4.0,2.5,4.0,4.0,4.0,4.0,3.5,3.5,4.0,4.5,4.5
2.5,2.5,5.0,2.5,5.0,2.5,5.0,2.5,2.5,5.0,2.5,2.5,4.0,5.0,2.5,4.0,5.0,5.0,2.5,5.0,5.0,2.5,5.0,5.0,5.0,5.0,4.0,5.0,5.0,5.0,5.0,5.0,5.0,5.0,5.0,4.0,4.0,5.0,5.0,4.0,4.0,4.0,4.0,2.5,2.5,2.5,5.0,5.0,4.0,5.0,2.5,5.0,4.0,2.5,4.0,4.0,2.5,2.5,2.5,2.5,2.5,2.5,2.5,2.5,2.5,2.5,2.5
5.0,5.0,5.0,5.0,5.0,2.5,4.0,5.0,5.0,5.0,5.0,5.0,4.0,4.0,5.0,4.0,3.0,2.5,5.0,5.0,2.5,4.0,4.0,3.0,3.0,4.0,5.0,5.0,2.5,5.0,4.0,2.5,2.5,2.5,4.0,3.0,2.5,4.0,5.0,2.5,2.5,5.0,4.0,5.0,3.0,2.0,4.0,5.0,5.0,5.0,2.5,4.0,5.0,5.0,5.0,3.0,5.0,5.0,2.5,4.0,4.0,2.5,2.5,2.5,2.5,2.5,2.5
1.5,3.5,4.0,3.5,2.5,2.5,4.0,2.5,4.0,2.5,1.0,2.5,1.0,2.5,2.5,2.5,1.5,3.5,2.5,2.5,3.0,3.5,3.5,2.5,2.5,5.0,1.5,3.5,1.0,4.5,2.5,2.5,3.5,2.0,3.5,1.0,3.0,4.0,2.5,1.5,2.5,2.5,4.0,4.0,2.5,2.5,2.0,0.5,0.5,3.5,2.5,2.5,3.5,3.5,2.0,4.0,2.5,2.5,1.5,4.5,1.5,4.0,2.5,4.0,2.5,4.5,2.5
2.5,3.5,5.0,2.5,5.0,2.5,5.0,4.5,5.0,5.0,2.5,2.5,4.0,3.0,2.5,4.0,4.5,3.5,2.5,5.0,2.5,5.0,2.5,3.5,3.5,5.0,5.0,2.5,4.0,2.5,5.0,2.5,2.5,2.5,3.0,5.0,2.5,4.0,2.5,2.5,2.5,2.5,2.5,2.5,4.0,2.5,4.5,5.0,2.5,2.0,2.5,5.0,4.0,5.0,5.0,2.5,4.0,2.5,2.5,5.0,4.0,5.0,2.5,2.5,2.5,5.0,2.5
2.5,2.5,2.5,2.5,2.5,2.5,2.5,2.5,2.5,5.0,2.5,2.5,3.0,2.5,4.0,2.5,5.0,5.0,2.5,2.5,2.5,5.0,5.0,2.5,2.5,2.5,4.0,5.0,2.5,2.5,3.0,2.5,2.5,5.0,2.5,4.0,5.0,4.0,2.5,2.5,2.5,2.5,2.5,2.5,2.5,2.5,5.0,4.0,2.0,2.5,2.5,5.0,2.5,2.5,2.5,2.5,2.5,2.5,2.5,2.5,2.5,2.5,2.5,2.5,2.5,2.5,2.5
2.5,2.5,2.5,2.5,2.5,2.5,1.5,2.5,3.0,5.0,2.5,2.5,2.5,2.5,2.5,2.5,2.5,2.5,2.5,2.5,2.5,2.5,2.5,2.5,2.5,2.5,2.5,2.5,2.5,2.5,2.5,2.5,2.5,2.5,2.5,2.5,2.5,2.5,2.5,2.5,2.5,2.5,2.5,2.5,2.5,2.5,2.5,4.0,2.5,2.5,2.5,2.5,2.5,4.0,4.0,4.0,2.5,3.0,2.5,4.0,3.5,4.0,3.5,4.0,3.5,4.0,3.5
4.0,5.0,4.0,4.0,5.0,2.5,4.0,5.0,5.0,2.5,2.5,2.0,2.5,4.0,3.0,3.0,4.0,5.0,2.0,4.0,3.0,4.0,5.0,2.0,2.0,5.0,4.0,5.0,4.0,5.0,5.0,5.0,4.0,4.0,5.0,3.0,5.0,4.0,5.0,3.0,3.0,5.0,3.0,2.5,3.0,2.5,4.0,4.0,3.0,2.0,4.0,5.0,5.0,2.5,2.5,2.5,2.5,2.5,2.5,2.5,2.5,2.5,2.5,2.5,2.5,2.5,2.5
4.0,4.0,4.0,4.0,3.0,4.5,4.0,4.0,5.0,3.0,4.5,1.0,4.0,4.0,5.0,4.5,5.0,3.0,4.0,4.0,4.0,4.5,4.0,3.5,4.0,5.0,3.0,4.0,4.0,4.5,5.0,4.5,4.0,3.5,3.5,4.0,4.0,4.0,3.0,4.5,4.0,2.5,4.5,4.5,3.5,4.0,3.0,4.5,4.0,3.0,4.5,5.0,3.5,4.0,3.0,4.5,5.0,4.5,3.0,5.0,4.5,5.0,4.0,3.5,4.0,5.0,4.0
2.5,2.5,2.5,2.5,2.5,2.5,5.0,2.5,2.5,2.5,4.5,5.0,2.5,2.5,2.5,2.5,2.5,2.5,5.0,5.0,5.0,2.5,2.5,2.5,2.5,2.5,2.5,2.5,2.5,2.5,5.0,2.5,5.0,2.5,2.5,5.0,2.5,4.5,2.5,5.0,5.0,5.0,5.0,5.0,2.5,2.5,2.5,4.5,2.5,2.5,5.0,2.5,2.5,2.5,5.0,5.0,2.5,4.5,4.5,5.0,5.0,5.0,3.5,4.5,2.5,5.0,4.5
4.0,4.5,4.0,2.5,2.5,4.0,4.5,4.5,5.0,5.0,4.0,1.0,3.0,2.5,5.0,4.0,4.5,5.0,3.0,5.0,2.5,5.0,4.5,3.0,4.0,2.5,4.5,4.0,4.5,4.5,5.0,2.5,4.0,2.5,2.5,4.5,4.5,4.0,4.0,4.5,4.0,4.0,4.0,4.5,2.5,3.5,4.0,4.0,4.0,3.5,4.0,4.0,4.5,2.5,2.5,4.0,4.0,4.0,2.5,4.5,4.0,4.0,3.5,3.0,3.5,4.0,4.0
2.5,2.5,2.5,2.5,2.0,2.5,4.0,2.5,2.5,2.5,2.5,2.5,2.5,2.5,2.5,2.5,2.5,2.5,2.5,2.5,2.5,4.0,2.5,2.5,2.5,4.0,2.5,2.5,2.5,2.5,2.5,2.5,4.0,2.5,2.5,3.0,2.5,2.5,5.0,2.5,2.5,2.5,2.5,2.5,2.5,2.5,3.0,2.5,2.5,5.0,2.5,2.5,2.5,2.5,2.5,2.5,2.5,2.5,5.0,2.5,2.5,2.5,2.5,2.5,2.5,2.5,2.5
3.0,4.0,4.5,3.5,5.0,3.5,4.5,4.0,5.0,5.0,3.5,4.0,3.5,2.5,3.5,5.0,5.0,4.0,4.0,4.5,4.5,4.5,4.0,3.0,3.0,5.0,3.5,4.0,5.0,5.0,5.0,4.5,5.0,4.0,4.0,3.5,5.0,4.0,3.0,5.0,5.0,3.5,3.5,4.5,5.0,4.0,4.5,5.0,2.0,4.5,4.0,4.0,4.0,4.5,4.5,4.0,4.0,3.5,2.5,3.5,4.0,4.5,3.0,3.0,4.0,4.0,3.5
2.5,2.5,2.5,4.0,2.5,2.5,2.5,2.5,2.5,2.5,2.5,2.5,2.5,2.5,2.5,2.5,2.5,2.5,2.5,2.5,4.0,2.5,2.5,4.0,4.5,2.5,5.0,2.5,2.5,2.5,2.5,2.5,4.0,4.5,2.5,2.5,2.5,2.5,2.5,5.0,2.5,5.0,2.5,2.5,2.5,2.5,2.5,2.5,2.5,4.0,2.5,2.5,2.5,2.5,2.5,2.5,2.5,2.5,2.5,2.5,2.5,2.5,2.5,4.0,2.5,3.0,5.0
4.0,5.0,3.5,4.5,4.0,2.0,4.5,5.0,5.0,5.0,4.0,3.0,1.5,4.0,2.5,4.0,5.0,2.5,4.0,4.0,3.5,2.5,4.0,2.0,3.0,4.0,3.5,2.5,3.0,4.5,4.5,5.0,4.0,4.5,2.5,4.5,4.0,3.5,5.0,4.5,5.0,3.5,2.0,3.5,4.5,2.0,4.0,4.5,3.0,3.5,3.0,3.5,4.0,4.5,3.5,3.0,4.0,4.0,4.5,4.5,4.5,4.5,4.5,4.0,5.0,4.0,4.0
4.5,2.5,4.0,2.5,2.5,2.5,2.5,2.5,5.0,5.0,5.0,3.0,2.5,2.5,2.5,4.0,2.5,2.5,4.5,2.5,2.5,2.5,2.5,2.5,3.0,2.5,2.5,4.0,2.5,2.5,2.5,2.5,2.5,1.5,2.5,2.5,1.5,2.5,2.5,2.5,2.5,2.5,3.5,4.0,2.5,3.0,2.5,2.5,2.5,2.5,2.5,4.5,4.5,5.0,2.5,2.5,2.5,2.5,2.5,2.5,2.5,2.5,2.5,2.5,4.5,2.5,2.5
4.5,2.5,2.5,2.5,2.5,3.5,2.5,2.5,5.0,2.5,2.5,2.5,2.5,2.5,4.0,2.5,5.0,2.5,2.5,2.5,2.5,4.5,4.5,2.5,2.5,2.5,2.5,2.5,2.5,5.0,2.5,5.0,3.5,2.5,2.5,2.5,2.5,2.5,2.5,2.5,2.5,2.5,2.5,2.5,4.0,2.5,2.5,2.5,2.5,2.5,2.5,5.0,2.5,2.5,2.5,2.5,2.5,5.0,5.0,5.0,2.5,5.0,5.0,4.0,2.5,5.0,4.0
2.5,3.5,3.0,2.5,4.5,3.5,2.5,4.0,2.5,4.0,4.0,1.5,3.5,3.5,2.5,3.5,2.5,4.0,3.5,3.5,4.0,4.0,4.5,3.0,2.5,2.5,3.0,3.5,4.0,3.5,2.5,2.5,4.0,4.0,2.5,2.5,4.0,3.5,3.5,3.5,4.0,4.5,3.0,2.5,3.5,3.5,3.0,4.0,1.0,1.5,4.0,3.0,4.0,4.5,0.5,3.5,4.5,4.0,2.5,4.0,3.0,4.0,4.0,2.0,5.0,4.0,3.5
3.5,2.5,2.5,2.5,2.5,2.5,2.5,4.0,2.5,3.5,2.5,2.0,2.5,2.5,2.5,2.5,2.5,2.5,2.5,2.5,2.5,4.0,2.5,2.5,2.5,2.5,2.5,4.0,2.5,2.5,2.5,2.5,2.5,2.5,4.0,2.5,2.5,2.5,2.5,2.5,2.5,2.5,2.5,2.5,2.5,3.0,2.5,4.0,2.5,2.5,2.5,2.5,2.5,3.5,2.5,2.5,4.0,2.5,2.5,3.5,2.5,3.5,2.5,3.0,2.5,3.5,2.5
4.0,3.0,2.5,2.5,2.5,2.5,4.0,2.5,2.5,2.5,2.5,2.5,2.5,2.5,2.5,2.5,2.5,2.5,2.5,2.5,2.5,2.5,2.5,4.0,5.0,3.0,2.5,2.5,2.5,2.5,2.5,2.5,2.5,2.5,2.5,4.0,2.5,2.5,2.5,2.5,2.5,2.5,2.5,2.5,2.5,2.5,2.5,2.5,2.5,2.5,2.5,2.5,2.5,2.5,2.5,2.5,2.5,2.5,2.5,2.5,2.5,2.5,2.5,2.5,2.5,2.5,2.5
2.5,2.5,2.5,4.0,2.5,4.5,2.5,2.5,5.0,4.0,2.5,2.5,2.5,2.5,2.5,2.5,4.0,2.5,4.0,2.5,2.5,2.5,2.5,2.5,4.5,4.5,2.5,2.5,2.5,2.5,2.5,2.5,2.5,2.5,2.5,2.5,2.5,2.5,4.0,2.5,2.5,2.5,3.5,4.5,5.0,5.0,4.5,5.0,2.5,5.0,2.5,4.5,2.5,5.0,5.0,2.5,2.5,2.5,2.5,0.5,2.5,0.5,2.5,2.5,5.0,2.5,2.5
4.0,4.0,2.5,2.5,2.5,2.5,4.0,3.5,2.5,2.5,4.0,3.5,2.5,2.5,2.5,2.5,2.5,2.5,3.5,2.5,2.5,2.5,2.5,2.5,2.5,2.5,2.5,2.5,2.5,4.0,4.0,4.0,4.0,2.5,2.5,2.5,2.5,2.5,3.0,2.5,2.5,2.5,2.5,4.0,3.5,2.5,3.5,3.5,2.5,4.0,2.5,4.0,2.5,2.5,3.0,3.0,2.5,4.0,3.5,5.0,2.5,5.0,3.5,3.5,3.0,5.0,4.0
2.5,2.5,2.5,4.0,2.5,2.5,2.5,2.5,2.5,2.5,2.5,2.5,2.5,2.5,4.5,3.0,3.5,2.5,2.5,2.5,2.5,3.5,2.5,2.5,2.5,4.5,4.0,2.5,2.5,2.5,3.5,2.5,4.0,2.5,2.5,2.5,2.5,2.5,4.0,2.5,2.5,2.5,2.5,2.5,2.5,2.5,2.5,2.5,2.5,2.5,2.5,2.5,2.5,2.5,2.5,2.5,2.5,2.5,2.5,2.5,2.5,3.0,2.5,2.5,2.5,2.5,2.5
4.0,2.5,4.0,2.5,2.5,4.0,5.0,4.0,2.5,4.0,4.0,2.5,2.5,2.5,4.0,4.5,2.5,2.5,4.0,4.0,2.5,5.0,4.0,4.0,2.5,2.5,4.0,4.0,4.5,4.0,5.0,5.0,5.0,5.0,2.5,4.0,4.0,4.0,4.0,5.0,4.0,2.5,2.5,4.0,4.0,4.0,4.0,4.0,2.5,2.5,4.0,4.0,4.0,2.5,2.5,2.5,2.5,4.0,2.5,2.0,2.5,2.0,4.0,2.5,2.5,3.0,3.5
4.0,2.5,2.0,2.5,1.5,2.5,3.5,2.5,4.0,3.5,4.5,3.0,3.0,2.5,2.5,1.0,3.5,2.5,3.0,2.5,3.0,3.0,2.5,2.5,3.5,2.5,2.5,2.5,5.0,2.0,2.5,2.5,2.5,2.5,0.5,2.0,2.5,2.5,3.0,5.0,2.5,2.5,3.0,1.5,2.5,3.5,3.0,2.5,2.5,0.5,2.0,2.5,1.0,2.5,1.0,2.5,2.5,4.0,2.0,2.5,2.5,2.5,4.0,2.5,2.5,3.0,2.5
2.5,3.5,2.5,2.5,2.5,2.5,2.5,2.5,5.0,3.5,2.5,2.5,2.5,2.5,2.5,2.5,2.5,5.0,2.5,4.5,2.5,2.5,2.5,2.5,2.5,2.0,2.5,2.5,2.5,5.0,2.5,5.0,5.0,5.0,2.5,2.5,5.0,4.0,5.0,5.0,4.0,3.5,5.0,4.5,2.5,2.5,2.5,5.0,1.5,2.5,4.0,2.5,2.5,2.5,2.5,4.0,2.5,4.0,4.0,4.0,4.0,3.5,2.5,2.5,2.5,4.0,4.0
3.0,2.5,2.5,4.5,4.0,2.5,5.0,5.0,5.0,3.5,3.0,4.0,2.5,2.5,2.5,3.5,2.5,2.5,4.0,2.5,2.5,2.5,3.0,2.5,3.5,4.5,4.0,4.0,2.5,4.5,4.5,4.5,3.5,4.5,2.5,4.0,5.0,2.5,4.5,5.0,4.5,2.5,4.0,2.5,4.5,2.5,5.0,4.0,3.0,2.5,2.5,2.5,5.0,4.0,4.0,2.5,3.5,2.5,2.5,3.5,2.5,2.5,2.5,5.0,2.5,3.5,2.5
4.0,3.0,5.0,2.0,3.0,5.0,5.0,2.5,1.0,2.5,2.5,5.0,5.0,4.0,5.0,4.0,2.5,5.0,4.0,5.0,3.0,4.0,2.5,3.0,3.0,2.5,2.5,2.5,2.0,5.0,5.0,5.0,5.0,5.0,2.5,3.0,3.0,4.0,2.5,5.0,5.0,2.5,2.5,2.5,2.5,2.5,2.5,2.5,2.5,2.5,2.5,2.5,2.5,2.5,2.5,2.5,2.5,2.5,2.5,2.5,2.5,2.5,2.5,2.5,2.5,2.5,2.5
4.0,2.5,3.5,4.5,2.5,4.0,4.0,2.5,4.5,4.0,4.0,3.5,3.5,4.5,3.5,4.0,4.0,2.5,3.5,2.5,2.5,3.5,4.5,2.5,2.5,2.5,4.5,2.5,2.5,4.5,4.5,4.5,4.0,2.5,3.5,4.0,2.5,2.5,4.0,4.0,2.5,4.5,2.5,4.5,2.5,2.5,2.5,4.0,3.0,2.5,4.0,2.5,4.0,3.5,3.5,3.0,4.0,3.5,3.5,2.5,2.5,2.5,4.5,4.5,4.5,2.5,3.5
2.5,2.5,2.5,2.5,2.5,2.5,5.0,2.5,2.5,2.5,4.0,2.5,2.5,2.5,2.5,5.0,1.0,2.5,5.0,2.5,2.5,5.0,2.5,2.5,4.0,2.5,2.5,2.5,5.0,2.5,5.0,2.5,5.0,2.5,3.0,5.0,5.0,2.5,2.5,4.0,4.0,2.5,2.5,2.5,2.5,2.5,2.5,2.5,2.5,2.5,4.0,2.5,2.5,2.5,2.5,2.5,2.5,2.5,2.5,2.5,2.5,2.5,2.5,2.5,2.5,2.5,2.5
4.0,2.5,4.0,2.5,2.5,2.5,4.5,2.5,2.5,4.5,4.0,4.0,2.5,2.5,2.5,4.5,2.5,2.5,4.5,2.5,4.0,4.0,2.5,2.5,4.5,2.5,4.5,2.5,4.0,2.5,4.5,2.5,4.0,2.5,2.5,4.5,2.5,2.5,2.5,5.0,4.5,4.5,4.0,5.0,2.5,4.5,4.5,4.0,3.5,4.0,4.5,4.0,3.5,2.5,4.5,4.0,2.5,4.5,4.0,4.0,3.5,4.0,4.0,4.5,4.5,4.5,4.0
2.5,2.5,5.0,2.5,2.5,2.5,2.5,3.5,5.0,5.0,5.0,2.5,2.5,2.5,2.5,2.5,2.5,2.5,2.5,2.5,2.5,2.5,2.5,2.5,2.5,2.5,2.5,2.5,4.0,2.5,2.5,2.5,2.5,4.0,4.0,2.5,2.5,2.5,2.5,2.5,2.5,5.0,3.5,2.5,2.5,3.0,2.5,5.0,2.5,2.5,2.5,2.5,4.5,5.0,2.5,2.5,5.0,5.0,3.5,2.5,2.5,2.5,4.5,4.0,2.5,2.5,3.0
2.5,2.5,4.5,2.5,3.5,2.5,3.5,3.5,4.0,4.5,2.5,2.5,4.0,2.5,2.5,2.5,2.5,2.5,2.5,4.0,2.5,4.5,2.5,4.0,2.5,2.5,4.5,2.5,2.5,2.5,2.5,2.5,2.5,2.5,2.5,3.5,2.5,2.5,2.5,4.0,3.0,2.5,2.5,2.5,4.5,3.5,4.5,4.0,2.5,2.5,2.5,4.0,2.5,4.5,2.5,2.5,3.0,4.0,2.5,2.0,2.0,2.0,4.0,2.5,0.5,2.0,2.5
2.5,2.5,2.5,2.5,2.5,2.5,2.5,4.0,2.5,4.0,2.5,2.5,2.5,2.5,2.5,2.5,4.0,5.0,2.5,2.5,2.5,2.5,2.5,2.5,3.0,2.5,2.5,2.5,2.5,5.0,5.0,2.5,2.5,2.5,2.5,2.5,2.5,2.5,2.5,2.5,2.5,2.5,2.5,2.5,4.0,2.5,2.5,4.5,3.5,3.0,3.5,4.0,2.5,4.5,2.5,2.5,2.5,2.5,2.5,2.5,4.0,2.5,4.5,2.5,2.5,5.0,2.5
4.0,4.0,2.5,5.0,5.0,4.0,5.0,4.0,5.0,5.0,2.5,3.0,2.5,4.0,4.0,4.0,2.5,4.0,2.5,5.0,3.0,5.0,5.0,2.5,4.0,2.5,4.0,5.0,5.0,2.5,5.0,5.0,4.0,5.0,4.0,5.0,5.0,5.0,4.0,3.0,2.5,3.0,2.0,2.5,2.5,2.5,5.0,5.0,5.0,5.0,2.5,4.0,5.0,4.0,2.5,3.0,2.5,2.5,2.5,2.5,2.5,2.5,2.5,2.5,2.5,2.5,2.5
5.0,3.0,2.5,2.5,4.0,3.0,5.0,3.0,5.0,4.0,4.0,3.0,4.0,3.0,3.0,5.0,2.5,2.5,4.0,4.0,3.0,2.5,4.0,3.0,5.0,2.5,2.5,2.5,2.5,2.5,2.5,2.5,2.5,2.5,2.5,4.0,2.5,2.5,2.5,2.5,2.5,5.0,5.0,2.5,2.5,2.5,2.5,2.5,2.5,2.5,2.5,2.5,2.5,2.5,2.5,2.5,2.5,2.5,2.5,2.5,2.5,2.5,2.5,2.5,2.5,2.5,2.5
3.0,3.5,4.0,4.0,4.0,4.0,4.0,4.0,2.5,3.5,2.5,4.0,4.0,4.0,2.5,2.5,2.5,2.5,2.5,3.0,2.5,4.0,4.0,2.5,3.5,2.5,2.5,4.0,2.5,4.0,4.0,2.5,4.0,2.5,2.5,4.0,3.5,2.5,2.5,2.5,4.0,4.5,4.0,4.0,4.0,3.5,3.5,4.5,4.0,3.5,3.5,4.0,4.0,4.5,4.0,3.5,3.5,3.5,2.5,4.0,3.5,4.0,2.5,3.5,4.0,4.0,2.5
4.0,3.5,4.5,4.5,5.0,2.5,4.5,4.5,5.0,4.0,4.0,2.0,3.5,3.5,4.0,4.5,4.0,2.5,2.5,4.0,4.5,4.0,3.0,3.0,4.0,2.5,4.5,3.5,4.5,2.5,5.0,5.0,5.0,4.5,2.0,4.5,4.5,4.0,4.5,4.5,4.5,2.5,3.0,3.5,4.0,3.0,4.5,4.0,2.0,2.5,5.0,4.0,3.5,4.0,5.0,3.5,2.5,2.5,4.0,5.0,3.5,5.0,3.5,4.5,4.5,5.0,3.0
4.5,2.5,2.5,4.0,4.0,3.0,2.5,5.0,5.0,5.0,5.0,2.5,2.5,2.5,2.5,2.5,4.5,2.5,4.0,4.5,2.5,5.0,2.5,2.5,2.5,2.5,2.5,2.5,3.5,2.5,3.0,5.0,2.5,4.0,2.5,2.5,4.5,5.0,4.0,2.5,2.5,4.5,2.5,5.0,5.0,2.5,3.0,5.0,2.5,2.5,2.5,4.0,5.0,4.5,3.5,2.5,2.5,5.0,4.5,2.5,2.5,2.5,4.5,3.0,4.5,2.5,2.5
2.5,2.5,2.5,2.5,2.5,2.5,2.5,2.5,2.5,4.0,2.5,2.5,2.5,2.5,2.5,2.5,2.5,2.5,4.0,2.5,2.5,2.5,2.5,2.5,2.5,2.5,2.5,2.5,2.5,2.5,2.5,3.0,2.5,2.5,2.5,2.5,2.5,2.5,2.5,3.5,2.5,2.5,2.5,2.5,2.5,2.5,2.5,2.5,2.5,2.5,2.5,2.5,2.5,2.5,2.5,2.5,2.5,2.5,2.5,2.5,2.5,2.5,2.5,2.5,2.5,2.5,2.5
2.5,2.5,2.5,2.5,2.5,2.5,2.5,2.5,3.0,3.0,2.5,2.5,2.5,2.5,2.5,2.5,2.5,2.5,2.5,2.5,2.5,2.5,2.5,2.5,2.5,2.5,2.5,2.5,2.5,2.5,2.5,2.5,2.5,2.5,2.5,2.5,2.5,2.5,5.0,4.0,2.5,2.5,2.5,1.0,2.5,2.5,2.5,2.5,2.5,2.5,2.5,2.5,2.5,2.5,2.5,2.5,2.5,2.5,2.5,2.5,2.5,2.5,2.5,2.5,2.5,2.5,2.5
3.5,2.5,2.5,1.0,2.5,2.5,2.0,2.5,2.5,3.0,2.5,2.5,2.5,2.5,2.5,2.0,2.5,3.5,2.5,2.5,2.5,2.5,2.5,2.5,2.5,2.5,2.5,2.5,2.5,2.5,2.0,2.5,2.5,2.5,2.5,1.5,2.5,2.5,2.5,2.5,2.5,2.5,2.5,2.5,3.0,2.5,2.5,2.5,0.5,2.5,2.5,2.5,2.5,2.5,2.5,2.5,3.5,2.5,2.5,3.0,2.5,3.0,3.0,2.5,2.5,3.0,3.5
4.0,4.0,3.5,2.5,3.5,4.0,3.5,2.5,4.0,4.0,3.5,1.0,3.5,3.5,4.0,2.5,4.5,2.5,2.5,4.0,2.5,2.5,4.0,3.5,3.5,3.0,4.0,2.5,4.5,2.5,4.0,4.0,4.0,4.0,3.5,4.0,3.5,3.5,4.0,4.0,4.0,4.0,4.0,3.5,3.5,3.0,4.0,4.5,3.5,2.5,3.5,4.0,4.0,4.0,4.0,4.0,4.0,4.0,3.5,4.0,4.0,2.5,2.5,3.5,2.5,3.5,2.5
2.5,2.5,2.5,2.5,2.5,2.5,2.5,2.5,2.5,2.5,2.5,2.5,2.5,2.5,2.5,2.5,2.5,2.5,2.5,2.5,2.5,2.5,2.5,2.5,2.5,2.5,2.5,2.5,2.5,2.5,3.0,2.5,2.5,2.5,2.5,2.5,2.0,2.5,2.5,4.0,2.5,2.5,2.5,2.5,2.5,2.5,2.5,2.5,2.5,2.5,3.0,2.5,2.5,2.5,2.5,2.5,2.5,2.5,2.5,2.5,2.5,2.5,2.5,2.5,2.5,2.5,2.5
4.0,2.5,2.5,2.5,2.5,4.0,5.0,2.5,5.0,4.0,2.5,2.5,2.5,2.5,5.0,4.0,5.0,2.5,2.5,2.5,2.5,4.0,4.0,2.0,2.5,5.0,2.5,2.5,2.5,4.0,5.0,2.5,4.0,2.5,2.5,5.0,4.0,2.5,1.0,2.5,4.0,2.5,2.5,3.0,5.0,2.5,5.0,2.5,2.5,2.5,3.0,2.5,2.5,2.5,2.5,2.5,2.5,2.5,2.5,2.5,2.5,2.5,2.5,2.5,2.5,2.5,2.5
5.0,2.5,5.0,5.0,5.0,3.0,5.0,5.0,4.5,4.5,4.5,3.0,5.0,4.5,4.5,5.0,2.5,2.5,4.5,5.0,4.5,4.5,2.5,4.5,5.0,5.0,5.0,4.5,2.5,4.5,5.0,3.0,5.0,4.0,2.5,5.0,4.5,4.5,2.5,4.5,5.0,4.5,4.5,2.5,2.5,1.5,5.0,5.0,3.5,4.0,2.5,4.0,2.0,5.0,3.5,4.5,5.0,4.5,4.0,5.0,5.0,4.5,4.0,5.0,4.5,5.0,4.5
2.5,2.5,2.5,2.5,4.0,2.5,5.0,2.5,5.0,5.0,2.5,2.5,3.0,4.0,4.0,5.0,5.0,3.0,2.5,2.5,2.0,4.0,3.0,2.5,3.0,5.0,3.0,2.5,4.0,2.5,3.0,3.0,4.0,3.0,2.5,4.0,4.0,4.0,2.5,5.0,4.0,2.5,3.0,2.5,2.5,2.5,5.0,2.5,2.5,2.5,2.5,2.5,2.5,2.5,2.5,2.5,2.5,2.5,2.5,2.5,2.5,2.5,2.5,2.5,2.5,2.5,2.5
3.0,5.0,5.0,5.0,4.5,2.5,4.0,5.0,5.0,4.0,3.0,3.5,2.5,2.5,3.0,4.0,3.0,5.0,2.0,4.0,3.0,4.5,4.0,2.5,3.0,4.5,4.0,5.0,3.0,5.0,4.0,2.5,4.5,4.5,4.0,4.0,4.0,3.5,2.5,3.5,4.0,4.5,4.0,4.5,4.5,4.0,5.0,5.0,4.0,3.0,4.0,4.5,5.0,5.0,4.0,4.5,5.0,4.0,2.5,4.5,3.5,4.5,4.5,4.0,5.0,4.0,4.5
2.5,2.5,2.5,2.5,5.0,2.5,4.5,2.5,5.0,2.5,2.5,2.5,2.5,4.5,4.5,2.5,2.5,2.5,4.5,5.0,2.5,2.5,2.5,2.5,2.5,3.0,2.5,2.5,4.0,2.5,4.5,2.5,5.0,5.0,2.5,4.5,2.5,2.5,4.5,4.5,4.0,2.5,5.0,2.5,5.0,2.5,2.5,5.0,2.5,2.5,2.5,3.0,2.5,2.5,5.0,5.0,2.5,2.5,5.0,5.0,2.5,5.0,2.5,5.0,2.5,5.0,2.5
5.0,5.0,2.5,5.0,2.5,2.5,2.5,5.0,2.5,4.0,2.5,2.5,2.5,4.0,2.5,2.5,2.5,2.5,2.5,2.5,2.5,2.5,2.5,2.5,2.5,2.5,2.5,2.5,2.5,2.5,2.5,2.5,2.5,2.5,2.5,2.5,2.5,2.5,2.5,5.0,2.5,2.5,4.0,2.5,2.5,2.5,2.5,4.0,2.5,2.5,5.0,2.5,5.0,2.5,2.5,2.5,2.5,2.5,2.5,2.5,2.5,2.5,2.5,2.5,2.5,2.5,2.5
4.0,3.0,3.0,4.5,4.0,4.5,5.0,4.5,4.5,5.0,4.5,3.0,3.0,3.0,4.0,4.0,5.0,4.5,4.0,4.5,3.5,3.5,4.0,3.5,4.0,5.0,4.0,4.0,4.5,3.5,5.0,4.5,5.0,4.5,3.0,4.5,4.5,4.5,4.0,4.5,4.0,3.0,3.5,2.5,2.5,3.5,4.0,4.0,2.5,2.5,4.0,3.5,3.0,3.5,4.5,3.0,3.5,4.0,2.5,4.5,3.0,5.0,3.5,4.0,4.0,4.5,4.0
2.5,2.5,2.5,4.5,3.0,3.0,5.0,2.5,4.5,4.0,3.5,2.5,2.5,2.5,2.5,2.5,3.5,2.5,3.5,2.5,2.5,4.0,4.5,3.0,2.5,5.0,2.5,2.5,2.5,2.5,5.0,1.5,2.5,2.5,2.5,4.5,2.5,2.5,2.5,2.5,2.5,2.5,1.5,2.5,3.0,4.0,2.5,2.5,2.5,1.5,2.5,2.5,4.5,4.0,5.0,3.0,2.5,3.0,2.5,4.5,2.5,4.0,3.0,1.0,2.5,4.5,3.0
2.5,2.5,2.5,2.5,5.0,3.5,2.5,2.5,2.5,2.5,5.0,4.0,4.5,4.5,4.5,5.0,2.5,2.5,4.5,5.0,4.5,5.0,2.5,5.0,4.5,4.0,5.0,2.5,2.5,2.5,2.5,2.5,2.5,2.5,2.5,4.0,4.0,5.0,2.5,2.5,2.5,3.0,4.5,2.5,2.5,4.5,4.0,5.0,4.0,2.5,4.0,4.0,2.5,2.5,4.5,4.5,2.5,2.5,2.5,2.5,2.5,2.5,2.5,2.5,2.5,2.5,2.5
4.0,3.5,2.5,3.5,2.5,3.5,4.0,2.5,2.5,3.5,4.0,3.0,2.5,2.5,3.5,2.5,4.0,4.0,2.5,3.0,3.5,4.0,2.5,2.5,2.5,3.5,4.0,2.5,4.0,4.0,3.5,3.5,3.5,3.5,2.5,4.0,4.0,2.5,3.0,4.0,3.5,3.5,2.5,2.5,4.0,2.5,2.5,4.0,2.5,2.5,2.5,4.0,2.5,4.0,3.0,4.0,4.5,4.0,3.5,4.0,3.5,3.5,4.0,3.0,3.5,3.5,4.0
4.0,2.5,4.0,5.0,5.0,2.5,5.0,2.5,2.5,5.0,2.5,2.5,4.0,2.0,5.0,5.0,2.5,4.0,4.0,5.0,4.0,2.5,2.5,4.0,1.0,5.0,4.0,4.0,5.0,4.0,5.0,5.0,5.0,5.0,5.0,5.0,5.0,4.0,5.0,5.0,5.0,4.0,3.0,2.5,5.0,4.0,5.0,2.5,3.0,5.0,5.0,5.0,5.0,2.5,2.5,2.5,2.5,2.5,2.5,2.5,2.5,2.5,2.5,2.5,2.5,2.5,2.5
3.0,3.0,4.0,3.5,3.5,2.5,5.0,5.0,4.0,3.5,3.0,3.0,3.0,3.0,3.0,4.0,2.5,4.5,3.0,4.5,3.5,3.0,3.5,3.0,3.5,4.0,4.0,5.0,4.0,4.5,5.0,3.5,3.5,5.0,4.5,5.0,5.0,3.5,4.0,3.5,4.0,4.0,3.0,4.0,4.5,3.0,3.5,5.0,3.0,3.5,4.5,3.5,5.0,5.0,3.5,3.5,4.5,2.5,2.5,4.0,3.5,3.0,2.5,2.5,5.0,3.0,2.5
2.5,4.5,4.0,2.5,2.0,2.0,4.0,4.5,3.5,4.0,2.5,3.0,2.0,3.0,3.0,3.0,3.0,2.5,3.5,3.0,2.5,4.0,4.0,3.0,2.0,4.0,3.0,2.5,2.0,4.5,4.0,5.0,4.0,2.0,5.0,4.5,2.5,3.0,4.0,4.5,4.0,2.5,2.5,3.5,2.5,3.0,2.5,3.0,1.0,2.5,4.5,3.5,4.5,4.5,2.5,3.0,4.0,3.5,3.0,5.0,3.5,5.0,4.0,2.5,4.5,5.0,2.5
4.0,2.5,4.0,5.0,2.5,2.5,2.5,2.5,5.0,2.5,2.5,2.5,2.5,2.5,2.5,2.5,5.0,2.5,2.5,2.5,2.5,2.5,2.5,2.5,2.5,5.0,2.5,2.5,2.5,4.0,2.5,5.0,4.0,2.5,2.5,2.5,2.5,2.5,2.5,2.5,2.5,4.0,2.5,2.5,4.5,4.0,5.0,5.0,2.5,2.5,2.5,4.5,2.5,5.0,4.5,2.5,5.0,4.0,5.0,5.0,2.5,5.0,5.0,2.5,2.5,5.0,5.0
2.5,3.0,5.0,5.0,5.0,4.0,5.0,5.0,5.0,3.0,4.0,5.0,4.0,3.0,5.0,4.0,5.0,2.5,2.5,5.0,4.0,5.0,5.0,4.0,4.0,2.5,2.5,2.5,2.5,2.5,2.5,2.5,2.5,2.5,2.5,2.5,2.5,2.5,2.5,2.5,2.5,2.5,2.5,2.5,2.5,2.5,2.5,2.5,2.5,2.5,2.5,2.5,2.5,2.5,2.5,2.5,2.5,2.5,2.5,2.5,2.5,2.5,2.5,2.5,2.5,2.5,2.5
4.0,3.0,2.5,2.5,1.0,2.5,4.0,5.0,2.5,3.0,2.5,2.5,5.0,2.0,3.0,2.5,3.0,3.0,2.5,2.5,2.0,5.0,5.0,2.0,2.5,5.0,4.0,5.0,4.0,2.5,3.0,3.0,4.0,4.0,5.0,3.0,5.0,4.0,5.0,2.0,3.0,2.5,4.0,2.0,3.0,3.0,5.0,5.0,1.0,4.0,3.0,5.0,5.0,4.0,4.0,2.5,5.0,2.5,2.5,2.5,2.5,2.5,2.5,2.5,2.5,2.5,2.5
3.0,4.0,2.5,2.5,3.0,2.5,2.5,5.0,2.5,2.5,4.0,3.0,2.5,3.0,2.5,2.5,2.5,2.5,3.0,2.5,4.0,5.0,2.5,2.5,2.5,2.5,2.5,2.5,2.5,2.5,2.5,2.5,2.5,2.5,2.5,2.5,2.5,2.5,2.5,2.5,2.5,2.5,2.5,2.5,2.5,2.5,2.5,2.5,2.5,2.5,2.5,2.5,2.5,2.5,2.5,2.5,2.5,2.5,2.5,2.5,2.5,2.5,2.5,2.5,2.5,2.5,2.5
4.0,2.5,2.5,2.5,3.0,5.0,5.0,2.0,2.5,3.0,2.5,4.0,2.5,3.0,2.5,3.0,2.5,2.5,3.5,3.5,3.0,2.5,2.5,2.5,3.5,2.5,2.5,2.5,2.5,2.5,2.5,5.0,2.5,2.5,2.5,5.0,2.5,2.5,2.5,4.0,2.5,2.5,2.5,2.5,2.5,2.5,2.5,2.5,2.5,4.0,2.5,2.5,2.5,2.5,2.5,2.5,2.5,3.5,3.0,5.0,2.5,5.0,2.5,5.0,2.5,5.0,2.5
2.5,4.0,3.0,4.5,3.5,2.5,4.5,5.0,3.5,4.0,2.5,3.0,2.5,2.5,2.5,2.5,5.0,5.0,2.5,3.5,3.5,4.5,2.5,2.5,2.5,4.0,2.5,5.0,3.5,4.0,4.5,2.5,3.5,3.5,4.5,4.5,4.0,4.0,2.5,3.5,4.0,4.0,2.5,4.5,4.5,4.0,4.0,5.0,3.5,2.5,3.5,4.0,4.5,5.0,3.5,2.5,4.0,4.0,4.0,4.5,4.0,4.5,4.0,3.0,4.5,4.5,4.0
4.0,2.5,2.5,2.5,5.0,5.0,3.0,3.0,5.0,2.5,2.5,2.5,5.0,4.0,5.0,4.0,5.0,2.5,2.5,4.0,3.0,5.0,2.0,2.5,4.0,4.0,5.0,2.5,5.0,2.5,3.0,2.5,2.5,2.5,2.5,3.0,3.0,5.0,3.0,3.0,4.0,4.0,3.0,2.5,2.5,2.5,5.0,5.0,3.0,2.5,4.0,5.0,3.0,2.5,2.5,3.0,2.5,2.5,2.5,2.5,2.5,2.5,2.5,2.5,2.5,2.5,2.5
2.5,3.5,4.5,4.5,4.0,2.0,3.5,5.0,4.5,3.0,3.5,2.0,2.5,3.0,3.0,3.0,4.0,3.5,3.0,3.0,3.0,4.0,3.0,3.5,3.0,5.0,3.0,4.0,2.5,3.0,4.0,2.5,2.5,4.5,3.5,4.0,4.0,3.5,3.5,2.0,4.0,4.0,3.5,4.5,4.5,2.0,4.5,5.0,4.0,3.0,3.0,4.5,5.0,5.0,4.0,4.0,4.5,4.5,4.0,4.5,3.0,4.5,4.0,4.0,4.0,4.0,4.0
5.0,4.5,5.0,4.0,4.5,2.5,5.0,5.0,3.0,3.0,2.5,3.5,5.0,5.0,4.5,5.0,3.5,5.0,2.5,5.0,4.5,4.5,4.5,2.5,3.5,5.0,5.0,5.0,4.5,5.0,5.0,4.5,5.0,5.0,2.5,5.0,4.5,5.0,4.5,5.0,4.5,4.5,2.5,5.0,2.5,3.0,5.0,5.0,3.0,2.5,5.0,4.5,3.5,5.0,5.0,3.5,5.0,3.5,4.0,5.0,4.5,5.0,4.0,4.0,4.5,5.0,5.0
